0.0167591583852658 500 4.71196501468262 0.41562765598069 1 -1.84338310020976 0.985792257373524 99 2.09425000795198 12.9282 34663.9445907675
0.0167591583852658 500 4.5283252112777 -0.702929242485575 1 -2.48446070533246 1.47225914737689 112 2.95754968888105 19.2278 34017.8262817499
0.0167591583852658 500 4.47250247100135 0.310844845793513 1 -7.77410074836807 1.94436526983317 111 2.77941543447895 20.1158 36634.7239875726
0.0167591583852658 500 4.31434230319737 0.308705388214975 1 6.29199009310687 0.376909999120585 81 2.47046587496998 15.2968 24969.0575353905
0.0167591583852658 500 3.82966428289283 1.2285558170222 1 -8.53893061768031 1.36689749898911 89 2.56295074305116 21.1448 32966.8719448228
0.0167591583852658 500 4.22935204676259 1.52630267667051 1 -16.2542789995787 2.10102142307877 100 2.30530427785608 15.3518 31173.9086150037
0.0167591583852658 500 4.17660509938886 -1.3467786219096 1 2.1182201169082 0.505132160467562 107 3.01012884208446 26.233 29491.302546894
0.00999414667268783 500 4.52705813878029 0.00551805165979857 1 1.10806207424332 1.35147727526826 112 2.82471793700944 16.9336 31383.2173499781
0.011046366092538 500 4.07224521664675 0.268143592130479 1 -13.2815862573606 2.54331189803548 93 2.74178021150471 13.222 29460.304801296
0.0138022807525526 500 4.42561663457314 -0.490578296497624 1 2.90616057048866 -0.330232632097661 99 2.47492814967372 21.6588 37212.8819870269
0.00815584715673668 500 3.84037516949448 -0.539076552212032 1 10.0771994449553 0.823587314001806 84 2.25040787505061 21.4236 26573.4066212325
0.0111938933617549 500 3.91892691772068 -0.961708342026977 1 6.95733971116184 -0.207342733949755 85 2.62549170009277 23.1312 30645.9579604547
0.00828989906744354 500 3.94329756217206 -0.851810619838155 1 6.94760976775175 1.33412858108435 95 2.80144344046152 18.5152 26697.7269603356
0.0107741822118431 500 4.36306533661801 -0.255486218642509 1 2.22495793391299 0.232508258254286 108 2.4273628066347 17.8082 36366.2933493387
0.00969961192861084 500 4.10537619239555 -0.569953069587875 1 8.38406885559647 0.160174996095116 86 2.16197590563562 21.7484 28362.8306551438
0.024922712139902 500 4.8323558494853 1.50463544541349 1 2.04718744295847 -0.0480951096175773 99 2.50200290086417 12.265 30013.62272595
0.0094637430200112 500 4.11448784104327 -1.00602901016302 1 7.5782442230507 0.475893435713501 104 2.88722372176598 24.0884 32661.3583643662
0.0107897826583629 500 4.76289679281338 0.84539635845823 1 5.83422997919835 0.0388629735375904 114 2.6541048897064 16.7882 28526.2048860219
0.00906859228871858 500 3.78314136084453 0.593477331510443 1 -21.9636233842629 2.36370755048987 92 2.78301404613439 20.7602 29578.6129142984
0.00615280699711619 500 4.2600947742159 -0.150051347906397 1 5.66343673631809 0.724580283994147 92 2.92915845114276 15.7832 25147.3440686607
0.00684868365150108 500 4.29466366926901 0.14790913537052 1 -4.79313060271113 2.30232272138711 95 2.59263778695585 13.4352 35443.3650473564
0.010317339656821 500 4.18671161259203 -0.500925123754038 1 8.03193165673137 -0.687150937045041 95 1.99255431393315 20.752 25908.500949216
0.00726665907740065 500 4.4060628636231 0.646337813046211 1 -7.88879109346593 1.59295052694452 108 2.65615321732137 17.6712 31187.7363189443
0.00380634164345019 500 3.84889428832262 -0.833401647364929 1 9.52407238938172 1.76479725894414 98 3.0043125433444 20.3018 27841.4932307037
0.00515915794798952 500 4.3437636503075 -0.293772779936784 1 14.005212921781 -0.212276963306943 102 2.64246824463911 25.459 22990.637928978
0.00820323127458962 500 4.56078503974141 -0.473106512120173 1 1.17133512527737 -0.521076445031415 105 2.91383360057994 20.0508 35104.250952129
0.00500796496345804 500 4.53434233156893 0.141766346466668 1 14.7083543907314 0.108771541267466 109 2.59454461103758 25.8912 24245.8518058691
0.00443159331056714 500 4.30807756818733 -0.0138008078144594 1 2.54350947458701 0.588607197347342 91 2.95422151904084 13.4854 30511.2294826997
0.00782067203274754 500 3.84365335724495 -1.54648617066961 1 4.56823587375826 -0.38482395603882 83 2.84641102512331 26.6514 29216.8850124615
0.00549923453814818 500 4.61835664055277 1.11173030127389 1 7.82132413018416 0.78899731903179 104 2.77259496853915 16.1694 25983.8455679468
0.00370293796138664 500 4.10043054995399 -0.419892540231226 1 6.99419743044101 1.33063896735329 91 2.93027657215094 19.9842 29386.8088481634
0.00376135750127983 500 4.22399270672341 0.280691126571334 1 -12.657945959944 2.49183173698661 99 2.42661378828979 14.4054 35379.4013985029
0.0041494101384844 500 4.33061813159015 -0.305146863961013 1 7.6125509085075 -0.50722949327579 101 1.96160541169108 20.8256 28268.3937065464
0.00358376623974239 500 4.51480258146767 0.464285248034155 1 -5.48963379450165 2.12587919124695 103 2.53919850801591 12.575 31610.84737125
0.0030360964517419 500 4.1349974405915 -0.791214926824349 1 -2.94366062886331 1.53902744164763 104 2.65080068694849 20.1522 35319.0332166613
0.00318705283570433 500 4.60537175303358 0.36597877843192 1 4.82830393546353 1.02576215815137 112 2.68656224847544 17.2854 29333.8272633317
0.003106441197597 500 3.4776855905037 -1.20850758909807 1 3.98638690685232 2.41489422897776 87 2.96014527950982 18.2424 34450.4610029461
0.00362595246864795 500 3.98702000159914 0.483071747417447 1 -11.5435626239153 2.33887328885691 85 2.55063660077815 10.9776 31357.7200955051
0.00339195218398237 500 4.02787428802208 -1.05081873732274 1 -1.42847442619756 0.787269783223222 92 2.53512443273532 19.4086 32913.6660691161
0.00394516486251578 500 4.53349197016312 1.14935558694092 1 -6.05069679012003 1.52581171447876 110 2.09241195741003 12.7218 30318.3153097005
0.00348257074137682 500 3.96107917304672 -0.108927900160904 1 -17.3803423242882 2.48416103900615 87 2.67481105953494 16.0922 28663.2160395829
0.00393267463660893 500 4.73353585506434 1.52427719787773 1 -8.63643867956593 1.79646162385603 106 2.38249216191248 12.9494 34448.6964435116
0.00211004100378122 500 4.43086619917219 0.194733121092105 1 3.75466324315439 0.920999466858251 106 2.97549694682767 15.9108 32386.3122545034
0.00200514794644925 500 4.25450288094845 -0.0980710016838974 1 9.21090191415902 0.628397800815456 88 2.11960806564519 17.8758 25580.685131331
0.00205802736922618 500 4.26148164869567 -0.106272095097446 1 3.96937574000803 0.671539020105915 93 2.05476198188224 14.3476 27885.4493716524
0.00386614440594747 500 4.44245019914024 0.92234995711026 1 -13.0510380882354 2.81895679865862 95 2.45074506400815 10.0748 31283.941334218
0.00351137650884327 500 3.91109127196229 -1.33835946167159 1 9.07425814231215 -0.44142896107285 100 2.80317478858898 29.8386 32384.8233973569
0.00295957541942129 500 4.29810481406515 0.75800608715457 1 -2.36604632170605 2.48117174385526 98 2.77091180588804 10.5596 25855.4399166175
0.0026426653462576 500 4.60395848831907 0.337174920265544 1 12.6450292533902 -0.043696697213029 89 2.76041750748626 21.686 23341.599093072
0.0028737462167276 500 4.49268070314542 -0.193044789477845 1 7.83919373267354 -0.265297374434807 102 3.01736750962318 21.4206 28277.7370640716
0.00371003575212739 500 4.20796493728114 0.407578069622517 1 -17.5935435781824 2.80793042528259 89 2.65159331977778 11.4236 32517.1517780325
0.00322479368154255 500 3.93415171881825 -1.00223536282948 1 -0.79998921716205 0.237259996358639 89 2.71390911985702 21.204 32642.902591008
0.00227233190296466 500 3.70340893873099 -1.33818765652443 1 11.9489079488334 1.11977072951781 81 2.81501497574399 24.561 27072.993725622
0.00220172296352931 500 4.03278259502619 -0.379476696640842 1 -3.44278983457685 1.22381098632021 95 2.40301335993906 21.5802 38166.2702588792
0.00233249670412345 500 4.31989413157602 0.101794009380104 1 5.72523724939107 0.182184670632575 91 2.71144472824762 17.0032 28335.5676626895
0.00418859095717653 500 4.22366788464073 1.08825511620926 1 -16.4161801942458 2.79282984897569 93 2.82312321576684 11.7284 33678.8973373486
0.00190231881414491 500 3.99041308565911 -0.414922154019889 1 4.58839884210511 1.10625278115476 80 2.61687604872014 15.6558 31993.8210335502
0.0028909864073052 500 4.15947527140631 -0.465687903494834 1 -9.30904818460174 2.5393010684084 96 2.89370643507526 15.377 26660.069276166
0.00260441417758472 500 3.56423682647612 -1.56077595802952 1 5.38130409495576 0.836296667302487 76 2.6989798851073 20.4024 30933.7330785876
0.00352574475818728 500 4.03563430296049 -0.739096476953507 1 -13.7329994718949 2.63602460572158 99 2.95692309697293 22.2038 27421.3106321857
0.00271343211936153 500 4.23715381513446 -0.0197429576651164 1 -6.91470304232074 2.59784111662642 101 2.56018777305642 11.7592 30067.5524034294
0.00310676857756758 500 3.70195821122335 -1.16145406101048 1 -0.197079012444919 0.432877421986748 86 2.17577050774317 17.4474 33940.5701414928
0.00221609380130047 500 4.34146355813988 0.58624377449063 1 -0.492102044307996 1.28288734576168 99 2.27667962869063 9.5468 31496.4442195665
0.00253099337739024 500 4.54092211855604 -0.152693793930642 1 4.75422036600612 0.383275728360554 111 2.83026860336236 20.0066 32667.877082771
0.00382702542775612 500 4.28364924385274 0.270013783039367 1 -16.8170822712537 2.91426630508838 103 2.35206759151312 11.3316 27506.446362389
0.00196144580396021 500 4.19709661021095 -0.408437512618876 1 8.41145179136207 0.854481123237188 92 2.71779242652277 20.662 29185.882446096
0.00236336997475467 500 4.56387372769065 0.15852159551913 1 11.2682609107026 0.563784850475561 106 2.87650647508917 22.9552 25002.0024036572
0.00201714300108543 500 4.14034030583025 -0.45670930046774 1 8.67343705788636 0.533272097341445 96 2.38918037211343 22.4464 28585.2673148667
0.00201340891188524 500 4.30825847671993 0.0459432035296501 1 4.25211408908724 -0.144509146422213 93 2.81209652137008 16.498 35197.107191904
0.0021814193583656 500 4.32947772440939 0.527494597963786 1 8.2784621072396 -0.199042649602818 87 2.08187909087548 19.803 30603.463473714
0.00180845066837881 500 4.38040187238503 -0.37041162014842 1 1.04671115505515 0.57374178811331 105 2.56600702161909 17.0244 38024.9152716776
0.00242489599669161 500 4.60399830675152 -0.286984047531374 1 -1.38855867917766 1.00604138192027 107 2.21989495219613 14.5888 25331.3185652221
0.00174564705712163 500 3.88024935549911 -0.319253997055175 1 -6.99025547233725 1.44872021404663 91 2.92388041871402 26.0224 34556.5110640788
0.00178667546284627 500 4.34209424872425 -0.0423988571974199 1 -3.12806657368842 2.07869754649348 94 2.72676157959772 12.6684 28559.182596715
0.00180869950243965 500 4.41509055898688 -0.114792996992044 1 7.79051419206401 -0.109534713245297 90 2.48838268725474 20.5406 31322.2694474908
0.0025239628733806 500 4.72535000457281 1.42051357838438 1 -7.96951815620439 1.47804644094446 118 2.67231137997879 16.1774 35360.7793095576
0.00161838573636184 500 4.0342352477237 -1.02088376732998 1 1.88368326251514 1.19289787353889 80 2.86808565438627 18.9242 31559.938126941
0.00184220462040094 500 4.22607518599615 0.462582154492227 1 -10.1306172301484 1.8112661268073 93 2.72187199266665 25.605 30650.53367595
0.00308495968948915 500 4.98962413860721 1.31052827272485 1 9.44017835930843 -0.39446667598662 121 2.76946163067963 22.0908 31090.0812301866
0.00159228228020982 500 4.33287372318221 0.374256544724699 1 7.07547790183357 1.0875867591246 89 2.50063617600503 16.089 27193.195482918
0.00236402404761504 500 3.75219224092409 -1.09351687464752 1 2.65694739408896 0.0505905410276513 93 2.68570262560544 22.1302 31938.6406759952
0.00233786690359088 500 4.48400089827745 0.736068827144051 1 -2.82769798680264 2.41643787371758 111 2.94681247682433 13.1612 29478.8828806979
0.00228325868578538 500 4.78311313987524 0.732630546529269 1 13.1558832241166 -0.155537830600001 109 2.78729819327469 22.3848 23307.8859184804
0.00231145469597248 500 3.88593936605253 -0.495613180891299 1 -7.10414893857811 3.17345106961835 88 2.90690291521356 15.9106 32673.256259122
0.00282024008600021 500 4.32502148704843 -0.470231927126502 1 5.64328742678499 -0.680109668264556 111 2.8978106767715 25.251 30865.427217762
0.00161308002531323 500 4.18286789736023 -0.405565856105682 1 -3.89821050002314 1.76612800495289 107 2.80949794379739 17.1602 36766.9903361624
0.00213681199162657 500 4.51763143765498 0.374262621825084 1 -5.50925665846491 2.24630035037678 101 2.68890042246887 12.0632 30507.3976430799
0.00154395896231577 500 4.15319153241687 -0.287110413753673 1 -4.32588733611004 1.52962102054145 110 3.02695300918363 21.6686 33617.7176314857
0.00165032198140193 500 4.35891492486699 0.143582806063147 1 8.22218750781591 0.127719533214462 105 2.43687009051201 21.4174 30894.89337906
0.00161897647372694 500 4.25276315812677 -0.510393798162337 1 -0.457371237149342 1.19449663044345 92 2.62598164375309 16.2354 36171.1778884397
0.00173669636624879 500 4.35019603865952 0.675140729533287 1 -4.94437768994719 1.8889661263723 98 2.32947153656378 10.9324 32452.6529548405
0.00220465262964034 500 3.82868515718813 -1.22439817124967 1 -8.51540021520723 2.00300524285775 80 2.78880933071161 23.0544 28178.4595846664
0.0026632794686983 500 4.18035133561605 1.08451517198715 1 -14.0663222221519 2.6400358803726 85 2.62644479912784 10.0956 30497.0026466296
0.00184835407994168 500 4.58596496387683 0.234200680089144 1 -0.39353155893261 1.40339305406164 102 2.73071369705343 11.3808 34672.2648429642
0.00161091619389791 500 4.46074937949095 0.235522017532994 1 4.34657778973098 0.456940717126493 111 2.98241220326602 15.453 29391.165905694
0.00157193709106718 500 4.38901709355616 0.533051760637058 1 3.86287530554092 1.07136480615947 102 2.67260288502904 12.4916 26672.6309807186
0.00263160073522863 500 4.56129153477443 0.744435174784099 1 -11.2348125146513 2.64419609109586 95 2.59330863509028 10.5258 28005.858072783
0.00227994214170075 500 4.5998053232407 1.14896677851776 1 -4.12613931971939 2.03456506546989 100 2.43713976472818 9.8634 30242.9546794042
0.00200138770418348 500 4.73148746444964 0.809485308737757 1 0.532757801067959 0.642458076046855 109 2.83465477213401 12.0208 31907.3038897098
0.00301801891316283 500 4.08590613562376 -0.186162468998819 1 -19.1422251056694 3.14877545298827 90 2.91741783650085 16.923 35283.940121154
0.00172654973315411 500 4.45973417743342 -0.0920023104964474 1 9.45084490789573 0.0430602816206533 112 3.1136286501928 20.72 29662.752924
0.00176909537085595 500 3.96313785643425 0.108817233418108 1 -9.33011695719425 1.89619903382143 85 2.94046565199973 17.937 34179.212065926
0.00142179111088102 500 4.53347327557359 0.505241962314778 1 -0.316630363160357 1.56478833562544 101 2.65922380071307 10.658 31028.165480544
0.00167110164047328 500 4.39489323923855 0.310631115037005 1 4.53772454244283 -0.178820879486822 90 2.34086758719859 17.1344 29225.0692209992
0.00151670759247549 500 4.36931299460239 -0.593569783525124 1 4.49987390452965 0.988437858029432 110 2.90671203168533 17.913 26194.836700494
0.0013675565691446 500 4.30473014601114 0.377871004339057 1 8.40187799399397 0.446200537709734 92 1.95696799258209 18.056 26805.661959552
0.00173440877218277 500 4.62659762691646 0.290603401150736 1 7.60270485182486 -0.328196462071476 118 2.23375180010275 21.6456 31345.5538331896
0.00167511957636539 500 4.00303858506289 -0.441906940817175 1 -0.569487019406596 0.303002465308327 92 2.21718910902053 16.743 34072.025552754
0.00145349373206436 500 4.47183479800189 -0.0385220313128132 1 2.57671005181218 0.313401200545948 104 3.05478853171025 18.0996 33899.7944084479
0.00132468070084106 500 4.21287246925412 -0.197860122740357 1 -5.26156065477432 1.32778382511752 96 2.40152264751258 16.4566 37272.069293663
0.00171993374301181 500 4.68496411410612 1.17635962407242 1 0.182508552100976 0.520054151917472 95 2.62570888383395 9.4784 28009.1604228526
0.00154514080271736 500 4.45044831181439 0.485411007463745 1 0.483803158104827 0.268700946720029 97 2.38470825079293 11.0388 28407.1400923261
0.00205623132899985 500 4.77176598154023 0.501316362471564 1 -3.28362937381002 1.56885493871032 111 2.65821993294288 16.1234 34506.3055122298
0.00327240294042197 500 4.74204283874331 0.647500458084431 1 1.10164641127722 -0.615603447414329 122 2.61874244242238 16.8836 32501.8122549381
0.00197607389423729 500 4.57827046117355 1.33963451343334 1 -5.04164940199287 2.07485606432963 100 2.63344907812108 10.2864 30900.3092252091
0.00226513594670056 500 4.94779310897301 1.26782628231588 1 6.18841015658549 -0.12349163782641 110 2.62540868017696 17.0236 32542.8606493605
0.0025432408606745 500 3.69085831808183 -0.591648471323471 1 -19.3140557006137 2.69078185135314 90 2.91234715061844 22.7516 32948.4480110162
0.00195223179484181 500 3.96991389443872 -0.643759393306582 1 -7.29689464224952 2.88328921926209 89 2.9619962477314 12.9632 29992.2183600399
0.0014310100963194 500 4.26979190443803 -0.452548403295575 1 13.3741534919916 0.379805172976788 102 2.92957000836768 27.6288 29756.6359721917
0.00140983348948276 500 4.28720290609972 0.0686471362636953 1 5.63749815625156 0.0333546333197934 93 2.25852163114235 14.929 23289.031193478
0.00126800400979605 500 4.32092698801819 0.07577408597502 1 -3.4392783968438 1.15430167950458 101 2.39176525418689 17.8074 37964.1853354704
0.0029226634439675 500 4.67736371396453 1.23112868900491 1 3.98843030009495 -0.534477761427689 105 2.24958654141163 14.245 31334.34211935
0.00209035257802025 500 4.04826249793963 -1.27599748757144 1 5.04805984201285 -0.165332920661009 93 2.90648548303342 26.0178 31965.3605471315
0.00161015883899592 500 4.30385405951971 -0.221058937054788 1 11.071855271122 1.13680508636106 91 2.88418520763294 22.7334 23757.9342074914
0.00125582355438609 500 4.47494466900444 0.279842238774371 1 4.48755065499421 0.611798024717003 110 2.55858823054876 16.4368 32072.4592496241
0.00152196388536027 500 4.4393952156304 -0.271858914111195 1 -0.387994866355159 0.793541680467007 105 2.42506874615234 15.0038 34387.5263158657
0.00207291884864499 500 4.18275142338418 0.0709283687914762 1 4.82526273821763 -0.391632404266942 80 2.35340235014339 15.811 33119.204785722
0.00156541750200158 500 4.12704417626924 -0.0737707585026702 1 -12.3751200142103 2.35947991736339 92 2.81272717938086 15.9056 30473.2757702392
0.00139526446482898 500 4.46911985951549 -0.0135538409765477 1 2.27319970010082 0.443903456251533 98 2.83346318769774 15.192 31610.985524256
0.0015659080248863 500 4.27897179875703 -0.22325265032287 1 12.2977802970988 -0.408093434503576 95 2.41834927874008 24.0948 24874.0074416548
0.00136826517968126 500 4.04781638051008 -0.29907806846684 1 -8.64805802083622 1.99713401685579 91 2.40033120167364 17.9594 26960.0621158292
0.0012344891587823 500 4.1639374321736 -0.597995887899345 1 7.56523904523411 0.492137611462852 98 2.9085392682533 19.7706 31392.3488058436
0.00173408379641381 500 3.8462574618462 -1.24800274538827 1 2.80538413357419 0.258408292081962 83 2.48176552547737 21.8456 28101.9543498616
0.00178759532792116 500 3.98699087756161 -1.00633992322154 1 13.8051244395509 -0.493419022332451 91 2.51086277520774 27.2796 29473.0349059327
0.0012442117089442 500 4.05700103606773 -0.651601558168257 1 -0.721353691204793 1.53385464610586 88 2.5798751842864 12.8332 27550.5838049007
0.00213123261436447 500 4.20132115991719 1.16455782569591 1 -5.98645426961361 1.12099655735782 112 2.59672044676026 18.8282 36071.5909963035
0.00202547577968263 500 4.62403648022338 1.48650771049293 1 2.84332535471753 0.550481809831164 91 2.42674680763642 10.4736 25643.6061470085
0.00161322409814933 500 3.70975537707034 -0.864821478944075 1 -8.84343001381477 2.40368432089473 92 2.7325724467315 17.9962 32790.2987902223
0.00128879644840234 500 4.24053143061246 -0.156326471153742 1 -1.48674505464452 1.81033797581273 94 2.43794565638783 15.7878 34102.0889973563
0.00165844962468647 500 4.40907060620975 1.20206428903172 1 -5.45243923289883 1.38024126318148 113 2.40474134417109 13.5304 32794.8016147169
0.00130297332531934 500 4.0855349193702 -0.91178029005771 1 4.92141540915639 0.859403429765061 80 2.73232089697552 20.7212 31596.2906534723
0.00141900717578824 500 4.32536962102873 -0.00340723315214753 1 10.4966258115899 1.08007830807448 100 3.01034956128572 20.7686 26020.9048661577
0.00134315387488268 500 4.05659520980044 -0.783829745499464 1 -3.39173369477261 2.08467771920218 100 2.9933940543493 16.5356 29381.601651484
0.00106285307520711 500 4.23954153367673 -0.370114433241663 1 8.20766961059059 0.255230864146298 107 2.45520694149175 24.6832 29133.2213739087
0.00189008282061601 500 4.97105983172811 0.788469527909703 1 5.8798477568868 -0.0142785672052362 118 2.84572358297915 16.8472 30073.4451093481
0.00148965818865582 500 4.64535519242829 1.01549962060121 1 0.409444736628617 0.28600149051124 101 2.70519527838231 12.7876 35469.1371234828
0.00170249641941376 500 4.45666794373925 -0.266030597834577 1 5.92151711899822 -0.500197331193048 102 2.90268844857549 20.3898 34222.6654884016
0.00177540148193106 500 4.49443769932909 0.996080413624517 1 -16.1841113934658 2.34207309149278 104 2.47277773369696 14.4516 34113.9063345362
0.00116639872785231 500 4.44663680725257 -0.193553620649406 1 5.78164966755876 0.855682534408475 108 3.0925868178347 19.3736 28669.6567475205
0.00111088445972557 500 4.44238503648989 0.643541874341835 1 1.97268007261044 0.688252919339662 108 2.69635287319512 12.2464 28014.5664957627
0.00125968838737439 500 4.29930010089833 -0.112065234926492 1 7.33817897489286 -0.209498074511743 91 2.06132056359801 19.1524 28527.3164160756
0.00162179147194432 500 4.51032814184807 -0.506452550991462 1 6.70866569012728 -0.0719791212397385 111 2.76770246040731 22.8462 26923.4120964023
0.00146781845594107 500 4.2677693089838 -0.912207598852657 1 2.46589169576804 0.860073800076479 114 2.89778487985932 19.001 31313.299105302
0.00122439112585326 500 4.10367275662585 -0.783425203817007 1 3.50558596613208 0.276174197233802 83 2.19188384768373 17.1008 26209.129613889
0.00128732087921802 500 4.07893872779802 -0.601610655953855 1 10.155302958713 1.05731509455194 85 2.31941796045647 21.2694 25326.8827804508
0.00129934873918949 500 4.54147336674679 -0.181573754084371 1 6.50010098797691 0.627808393496584 102 2.30730927947385 19.5382 30782.4442094259
0.00116373887652037 500 3.84367566763966 -1.05600770514117 1 1.75581688212694 0.902614535272867 88 2.84789948223715 20.533 29726.072021694
0.00179673399313229 500 4.28885038749721 -0.128024697205234 1 15.2196858756184 0.780945263296524 86 2.63215878237093 23.6792 23464.3475752182
0.00138794011498602 500 4.22901420912253 -0.743031803458641 1 9.2197970401031 -0.33224571540141 103 2.74286454940423 29.4972 27954.1151118121
0.00343721626206359 500 4.45248097178304 1.51846440597142 1 -24.0764406488948 2.69953608375326 114 2.67468595926489 13.0462 30324.6979406183
0.00150609507147361 500 3.93755004441489 -1.36884023155592 1 5.22686337139404 1.3565612240532 87 2.66774788742937 21.155 31241.25791205
0.00144706135184043 500 4.76356590460095 1.26404726507161 1 -0.424650972155929 0.766276869915378 102 2.18067705997096 10.6542 25812.7809834282
0.0047506221721158 500 3.76074925750314 0.70730333761554 1 -5.13319261972146 0.930968961238595 88 2.56401732010704 20.6244 34642.2355980296
0.00101598360009308 500 4.2491671746296 -0.389911660794559 1 2.93647817592322 0.986994040511601 91 2.35592151439042 13.7102 27444.7904923904
0.00125943162941729 500 4.40697851940489 0.805219013617956 1 -2.44819900686221 1.85353022827008 106 2.25046149880326 11.2278 30781.8720484379
0.00109925312008978 500 4.11911475856447 -0.564720486082066 1 7.77311600762787 0.192282139619311 100 2.71860627207266 22.5094 27878.9699027612
0.0013085934209226 500 3.87558477366709 -0.298056205162725 1 -9.67131821326923 1.83177132622392 83 2.53472053409001 22.5772 30956.2986569833
0.00139410725477537 500 4.22106430264341 -0.829550282407604 1 10.1740645371688 -0.310519037410295 103 2.64779387968795 27.2102 26505.8781203744
0.00121823829711834 500 4.60807490365019 -0.0423454844177582 1 10.4926093568707 -0.0953211103172945 104 2.23450712985846 24.167 29876.763183186
0.00106412553966867 500 4.28644737240421 -0.467537514853257 1 5.17995279087044 -0.031731200893212 101 2.99281671892401 19.3118 25239.5554155381
0.0023243070439401 500 4.7625840073669 1.59917724383548 1 0.103094426057616 -0.0177354591069235 102 2.52579534047405 9.3772 27935.2929586633
0.00106021136187667 500 4.56065719624129 0.105149979131618 1 0.485468736978509 0.96464910718622 96 2.88658231644123 13.6672 34298.5316116009
0.000947697505279143 500 4.52112470555109 0.152203566416131 1 5.35185028896104 0.523808647613649 116 2.9685372339906 19.8078 29194.4025368651
0.00167255512978547 500 4.78654021689835 0.456964694631462 1 8.77274089176079 0.79227688841713 109 2.85317375129925 19.915 30099.89045925
0.00106534985878132 500 4.2368398311377 -0.108776079115617 1 7.7297396767021 -0.152405503433585 106 2.45835106164142 22.6508 25848.615853137
0.000990757769011453 500 4.19289059118108 -0.566420005147984 1 7.29716812236939 -0.0127711389254228 94 2.3508054278892 21.549 23895.723718038
0.000972210411476077 500 4.14970891929743 -0.322329009325581 1 8.33064722132654 0.0890236149554122 97 2.42145850561023 19.1368 24283.0522212081
0.00136816083968973 500 4.7230944028804 1.21052254083517 1 -4.74610927236416 1.77897498154695 116 2.74978886929222 12.2158 30895.0800087966
0.00116885364038203 500 4.3437827002746 -0.675543279296103 1 6.4664083547266 0.752297538092304 106 2.76875384973702 20.1208 30704.2792781898
0.00115105281143368 500 4.49553061001997 0.332579411410337 1 -6.98689266204003 1.94798414499841 91 2.22863704175528 12.4092 28570.8650509974
0.00162058118376487 500 4.87747711312075 1.33427065214928 1 0.143521081311224 0.261697500419871 104 2.45916851319794 11.5172 33794.6356709449
0.000884667600139258 500 4.35307771946644 0.0948064999423009 1 6.61820293598643 0.508970312400918 104 2.6896555002141 18.1204 23740.0754332673
0.000896426716071284 500 4.22670947181813 -0.210686766577444 1 -2.56796903655438 1.09219800355776 110 2.87554134757511 21.849 31896.290970318
0.00123520300727403 500 4.0161169271091 0.232766776356646 1 -1.42730174204144 2.04895922384649 85 2.72086883275459 10.8998 30048.29738578
0.00136618091883517 500 4.16434983885585 0.607659503797845 1 -15.0988935445767 2.22257833081099 104 2.82367211804575 17.4954 34443.9209422733
0.00128311480392094 500 4.31261410747278 0.0543036404435272 1 -8.83410477806893 2.53196941450538 92 2.80645071477618 12.9596 31039.9025231455
0.00215603124212834 500 4.55887679905407 -0.324546862091156 1 -2.95935636551702 1.8355236587655 119 2.88043787107185 17.9474 30230.6779189008
0.0016171648610496 500 4.44160978919448 0.674541490425466 1 -17.1571712464394 2.42111922588599 111 2.84730477143571 16.9588 30108.3717466429
0.00127294542812573 500 4.08235126151009 -0.901682043843817 1 15.8853983040547 -0.082380153380226 97 2.79180497396824 27.382 24575.561677296
0.00111564060591576 500 4.36135273379329 0.325975944379138 1 9.8687080125294 -0.00559384422916653 81 2.47939284371406 18.909 25962.578564958
0.00168729697995119 500 3.98240900826194 -0.102219515799749 1 9.19764388808469 1.45771582613802 88 2.32743398587745 18.4866 29632.1514963758
0.00147519556163696 500 4.35930423381365 0.711534593114864 1 9.83104821533523 0.722412208854853 92 2.60799566965608 17.2052 24966.7545537692
0.0015460924601776 500 4.84004548172335 0.385615778901257 1 6.60228818756253 -0.0346390857002123 120 2.85123814410842 20.1874 28834.3457413392
0.00104630688972847 500 4.3882521066184 0.021414892813325 1 -6.14508611906472 1.60700492597229 106 2.47397491314704 18.496 34907.426059872
0.00108243644553388 500 4.06574552276302 -1.07492967164627 1 3.9377087529165 0.963711081327518 100 2.83596742394593 25.3224 31768.9380828949
0.0012676411377983 500 4.78376062447306 1.07798799777242 1 4.65633809256173 0.648729350664769 106 2.89699026173198 13.7194 31091.5037005748
0.00093894557908568 500 4.31156688961106 -0.0279351243412369 1 -4.94246446125136 1.44370698356874 105 2.65363834905681 15.4952 29975.7490937948
0.000988931664922949 500 4.58360322382999 0.413966637724876 1 1.40815985551327 1.05062999725464 108 3.02906106310182 12.8652 31045.9262743676
0.00166211618368312 500 4.39090210754913 0.843218699550621 1 8.31018885819616 -0.104881546193512 101 2.62753668028748 19.0258 24612.522759207
0.00125850596820028 500 4.22308999803062 0.501735122302768 1 -14.2490701958348 2.65169649953948 90 2.54284934389421 10.7608 28608.9322271754
0.00276880695670813 500 4.70123135233884 1.51582050113668 1 -21.0263459205812 2.65786860947197 112 2.50001591501328 13.0402 30815.9042603576
0.00112789969848949 500 4.16069506116514 -0.356874461620267 1 -7.50406178404788 2.2302023085425 103 2.69641608943588 22.0262 35332.9364632775
0.00108485618888817 500 4.54842656711177 0.0605063340010912 1 9.29842785284325 -0.1246767313434 118 2.89545133032543 22.4408 27189.1944857226
0.000922303830800843 500 3.90941691966942 -0.776210576405551 1 2.99534473965912 1.12822566733554 78 2.44479864885285 16.9322 32758.5462212005
0.00148434785231102 500 4.45667963515464 -0.464031175044432 1 -1.17839137808527 1.37973991918644 115 2.86200609182592 20.014 32325.388310688
0.000936562122970963 500 4.01251644037081 -0.287123552727698 1 -7.28664131652911 1.55464485820001 103 2.7335420381736 23.6182 37667.0512707891
0.0010510408090958 500 3.93640880058232 -0.702809091514398 1 2.72668480042907 0.259549650200531 81 2.34211433098604 14.1708 31490.8884018858
0.00118441289289992 500 3.95461707479461 -0.245505713860142 1 -2.45045688856514 2.37976917789202 84 2.82296794088647 13.4728 29070.0984091607
0.000832161849916876 500 4.32626113088627 -0.185742300414572 1 4.44469755578615 0.265900499191683 94 2.78918050753474 17.042 36000.892676976
0.00079756117236418 500 4.10779528649272 -0.477367086186249 1 3.30078277980356 0.584398604058256 95 2.20171885535566 15.405 32504.22500715
0.00150149097250296 500 4.52489358054259 1.17267757398059 1 7.6131139808475 0.410467073485006 98 2.8852941157751 15.3824 23695.9268581524
0.000979412725068066 500 4.38162082163886 0.918442554631565 1 -7.20678169675739 1.75311897232709 99 2.22092125110516 13.4774 33177.4258033176
0.000837099051370017 500 4.17732308445026 0.266730008949691 1 -4.72374987870727 1.38167387824288 85 2.28353565687847 16.2228 30132.9074662967
0.00133525169382908 500 4.31487955988104 0.991974820784375 1 -16.4137882991719 2.56965381137905 89 2.42311319439942 11.5454 30347.0259556613
0.00122665509210601 500 3.94824515521247 -0.459447797634841 1 -1.98039340636185 0.474937950258495 85 2.53858080440725 26.1838 35605.9059400609
0.00143685233889006 500 3.92897342559841 -0.783745113860275 1 2.49678161006989 -0.134824859868541 85 2.58105625328129 19.7844 36902.1431076872
0.00313098679908117 500 4.01490791191495 0.987845805165751 1 -22.9460171106954 2.36667768848914 93 2.90266344278434 20.8628 30722.3403298583
0.00101355426863471 500 4.36614718687483 -0.264983499471165 1 10.8297562451877 0.613312443333698 97 2.56013424554289 22.9688 24358.7550798973
0.00236143477368328 500 4.61874858008707 -0.103921407444402 1 -0.0732118439404301 -0.357003205130359 119 2.36764439195266 16.152 31672.112717856
0.00126877180853655 500 4.19516809829696 -0.0973718558644141 1 -11.3037222177027 2.75857538387963 94 2.33915212690153 14.8938 32421.1916305033
0.0013779847207655 500 4.76405038616676 0.175024732472222 1 7.43809535733925 0.028101796432481 115 2.39027827019132 20.7394 28147.504198634
0.001635794878994 500 4.45947731909369 0.0335441522019753 1 7.94504098263557 1.52098363821003 100 3.04128004464169 18.1702 30519.4765187648
0.000922093853469619 500 4.0421997090867 0.0123199898951972 1 -7.51654353735602 1.61753800566815 92 2.28111491781882 17.0782 36118.0743230835
0.000983219000770641 500 4.37012348127924 0.709821784815268 1 0.715144379539122 0.602121082865385 93 2.44417327684334 10.8724 34125.8610654708
0.00211453007172302 500 4.41636337453977 0.107832601338855 1 -16.7214957203486 2.89666655648514 105 3.02742257936885 17.8656 31495.4976665848
0.00132048820658755 500 4.34266096320582 0.657578454291667 1 -12.3351508084344 2.88536693920786 97 2.51808391154928 10.388 30500.357764224
0.00098276481744442 500 4.34070061727321 -0.199456908380505 1 10.3833108065716 0.694094188168277 103 2.90093612725592 22.4104 24128.4052341857
0.0019883885533479 500 4.02361232159654 -1.48683318601117 1 5.24694700485986 -0.449094066781754 99 2.94021862981431 27.0446 29387.5175756131
0.000879941133837353 500 4.18559293109259 -0.146991674458269 1 -7.16667747619132 1.79311705897262 109 2.89075662282509 22.9548 34819.2942638212
0.000814489705251243 500 4.45099914322055 0.343489204095215 1 4.93668919794367 0.597040481990585 99 2.94090720377099 14.2814 25303.5427871823
0.00113218541074646 500 4.65074740129082 0.173830865301459 1 3.28706407398747 0.187679250572569 122 2.61458196429918 17.7574 28744.9165059384
0.00103126834124171 500 4.25426931428198 -0.292938323455229 1 -7.12771130038292 1.92611308815652 94 2.57149653738175 16.3198 32979.0199049608
0.00113261529271446 500 4.11788686582165 -0.975404507036886 1 1.39894307215778 0.403527944978526 95 2.99542525665585 16.8472 31057.1121556201
0.000994641775973233 500 4.16581795131027 -0.0543765247360891 1 -10.8443070619953 2.14350965369274 106 2.60542574720806 18.7398 33534.0892538776
0.000895822821560069 500 4.3504516098484 -0.165502159009185 1 -3.06903306931299 1.1835184183469 90 2.30890173546281 15.1408 33048.0859148106
0.00143801798509505 500 4.24029505908423 1.18074709917963 1 -11.391377122673 2.05691355047121 83 2.46803437746316 10.6184 29504.238553579
0.00124217054518525 500 4.04371710514293 -0.283784416311519 1 -9.16153482839141 2.78854980580201 93 2.96822957385972 13.6508 30925.788691953
0.00124754852571103 500 4.52416230552408 0.598888657003361 1 -11.7882957132025 2.28389000049399 105 2.40027312866863 13.643 31784.207478114
0.00135349451746365 500 4.06958007183348 0.345724125323673 1 -17.7774111055417 2.84750285548263 85 2.30270106425929 11.804 29782.796853888
0.00210626464087145 500 4.27958806177273 -1.20669967009406 1 -0.5594977472984 0.964823625851453 104 3.11305885816886 23.3924 26783.5568578261
0.0013685095146816 500 4.1690605452945 -0.8896305510894 1 6.85137167241208 -0.535110012524687 108 2.67833440409811 26.2848 24938.2287231844
0.000790203525912058 500 4.19783346902021 -0.00124940203770857 1 4.10247638934479 0.632163140922316 97 2.5901439950559 16.7586 29948.7033486321
0.00164487624319028 500 3.51848957271131 -1.502921663836 1 4.1058064963169 0.54851954247813 86 2.63815979124444 21.2706 31699.2115066036
0.00160481622576789 500 4.64076729598114 0.0551005320167896 1 5.53462982329326 -0.599945527873146 103 2.34498729121219 19.2184 32508.556801483
0.00124924726186245 500 4.30466027720735 0.554561806522744 1 10.0432129918135 0.353227563472799 95 2.7188533589263 18.1828 22144.4675419991
0.00202134000080051 500 4.59929989341131 1.4383381927493 1 5.82149150468659 -0.0659607929395285 103 2.68887502740353 15.6046 25187.3748176947
0.0014768805565952 500 4.55839419628704 0.606195071264171 1 11.4747328711131 0.887433565035171 103 2.61859384986719 20.8058 24014.1620540262
0.000904240081210008 500 4.40480692475866 -0.331821020831666 1 0.125107650933733 0.569708341110252 101 2.75916722789557 17.1168 35841.0138728433
0.00103055710037161 500 3.9846429689416 -0.111478243217432 1 -9.67007472589747 2.55748883653168 90 2.28658561419013 13.4376 33483.3523770348
0.000952534191391585 500 4.41647631939948 0.318149926636795 1 1.18657655376237 0.0965425968924291 85 2.35284656155366 10.703 28504.168270194
0.0013273635118627 500 4.31204558919523 0.035743884264312 1 5.44879045140581 -0.605805446753036 103 2.51217575172295 16.459 26892.647658858
0.00239418033329125 500 4.39385486425312 0.596627371480983 1 -23.7620668515615 2.88434697793904 101 3.090487165466 17.0914 32864.2839612999
0.0010466709341847 500 4.30930258200581 0.219832582908589 1 -1.10377749458421 0.209378793180416 98 2.16959965840582 16.797 30083.402673606
0.000779021289677433 500 4.05458686528475 -0.437189407574821 1 2.64235532928715 1.33186746468863 91 2.82630478856824 16.4352 32250.6876944924
0.00105983436897698 500 4.58766307614986 0.986158175779509 1 5.2409138417626 0.83097025693966 107 2.90137265446279 14.4646 29200.8388663363
0.000946287419797043 500 4.17489965078801 -0.430671229403083 1 12.8820878100707 -0.185926915477659 93 2.49829598876493 23.526 22516.971338352
0.000931832517540209 500 3.88778252574522 -1.14032424971354 1 7.9632997750998 0.353733106028333 80 2.70491391756203 24.2546 30007.5545383627
0.000714504958244449 500 4.16673586979355 -0.389635839385748 1 4.41331700510713 0.843861161268181 92 2.78930179175226 17.9572 31256.1611836105
0.000986400728570989 500 4.5563930439275 1.03666362022442 1 2.35263729006046 0.842441779697291 106 2.89503390717837 10.8284 28888.4445752686
0.00214296359047087 500 3.82915825929604 -0.19597963015932 1 -21.0443108367918 2.65153418696576 87 2.76167152378729 20.3586 35964.9873397521
0.00150455313035581 500 3.77862425438732 -1.25619406201134 1 5.25366600607426 -0.293008117047748 86 2.90132170235298 24.0542 31143.4725347322
0.00142817653544578 500 4.56281211524158 1.25350725235612 1 -16.3880820098092 2.48065461504709 101 2.60292264599402 11.5756 31461.1464340504
0.00105606519862658 500 4.26771985972367 0.393685028462774 1 -13.5231686843588 2.6666686571584 99 2.58022359671294 13.144 31250.531144928
0.00120907941854799 500 3.84807162495684 -1.23687165724716 1 8.03539289036947 -0.276744826303486 98 2.6193628831816 25.276 26653.871466432
0.000877622642107425 500 4.05447790065034 -0.596231888264882 1 9.11064675128933 0.766541052206662 82 2.18894890162044 21.3636 33125.4701157189
0.00113050434962116 500 4.17492045934304 -0.437648598492206 1 5.79683240319467 1.65827380239646 102 3.06921904972712 17.7054 27529.7844050069
0.00123349995477987 500 4.13347259612017 0.746287552495627 1 -12.2962697729966 1.93032507369695 90 2.67036766308594 18.3148 36730.9015018276
0.00125678441559474 500 3.99703360441534 0.452853735838314 1 -11.3409697647419 1.8806579849965 89 2.64631661825532 19.4132 34237.9688875119
0.000931091354946583 500 4.38046460751541 0.26025989655515 1 3.45037284200131 -0.0265819990325046 87 2.20162354272134 13.4076 31060.268438286
0.000869878502100938 500 4.06393843297942 -1.03633383889114 1 6.66814886382977 0.306376642821217 91 2.54479123358491 22.2286 25351.4535292953
0.00165016755804256 500 4.49567054064301 0.756892154689772 1 10.9848323832385 0.972234571093036 96 2.95581328707229 19.9202 27332.1159016088
0.00100824496359444 500 4.34786918532699 0.534134428170648 1 -7.9716223437967 2.47132047370882 91 2.11422321996814 11.6126 32800.8629241648
0.00217999782306858 500 4.04042298614628 -1.59677847918574 1 -0.568885008183699 1.65856002154488 89 3.11538454230001 22.2824 30773.4078603924
0.000853864969953013 500 4.21617805063841 0.36324759839539 1 -9.40120506064297 1.91162818781689 107 2.81183453783121 25.591 30932.444941962
0.000981178712972707 500 4.53567692595037 0.704297999249597 1 8.03124719344287 0.115054301313606 102 2.81280407228121 18.1682 28297.0139706171
0.000981901630620282 500 4.12151965071724 -1.00062215636842 1 5.49701813521402 -0.0311160927990601 96 2.80216710161032 25.775 35898.45540825
0.00153938208117956 500 3.69423151927572 -1.48488732782947 1 11.3602473770018 -0.342016034981999 91 2.614946368437 25.626 27584.942667072
0.0011201320842322 500 4.06586010605941 -0.148020999198652 1 -2.65581383889968 2.40862200036876 96 2.92979382938996 13.91 28866.9291732
0.000893169139807229 500 3.86238618901906 -0.968619392859177 1 -0.457460243533026 1.42219010794815 84 2.505214170591 18.9392 32914.3544498166
0.00120122585837025 500 4.02751364656955 0.0135964685269059 1 8.04481207549746 0.337127598850204 76 2.35179949254372 18.0508 27461.656721745
0.00112193791365416 500 4.10114410615433 -0.675578878644471 1 7.29798407850922 -0.499323446753857 83 2.41749972325173 21.027 32290.359571866
0.00138039030784118 500 4.43618746016454 1.28848932128803 1 -14.6718603577463 2.05344530790988 113 2.98046481295713 20.1992 33876.802286271
0.00103796768631156 500 3.96134618972172 -0.571979866094673 1 -6.82819693781234 2.40832197336272 89 2.57266042784266 12.542 30960.337219776
0.00131505823529367 500 4.79339039290683 1.39925593549352 1 0.411888636729384 0.357176117636502 103 2.83700523517892 9.8848 30058.7962919524
0.000930182689219011 500 4.20618025172419 -0.743493998850252 1 -1.55333070396392 0.979249210337641 97 2.65533891764259 26.2558 36648.1039023342
0.00136952967881347 500 4.712794149539 1.5739635130758 1 -2.38588522035301 1.39632501354894 112 2.29859660614083 10.4078 31544.7370618331
0.000889588837306131 500 4.24352497888345 -0.143025516708736 1 10.5598391213581 0.563214462836892 89 2.62625487205163 21.2458 29570.3305110918
0.00132978479898293 500 4.55672783359864 0.646867376163868 1 12.8778849924943 0.403099143689298 106 2.27635989343262 24.4788 28809.7119053917
0.00134082868918226 500 4.20756450065942 0.666077487971717 1 -20.0096831883245 2.95261155632308 101 2.62275121560945 13.0444 32496.6406885928
0.00073073242499579 500 4.18399119441739 -0.679103522655556 1 8.66984715710869 0.353558743780662 85 2.5051431654292 20.7034 25249.7688842986
0.000858624634596676 500 4.15768539401434 0.0463986154975772 1 -4.52186858016308 2.28138638782899 97 2.92750612306931 15.4614 35229.0688672671
0.0014174711633662 500 4.43952003931512 -0.4893717379077 1 -0.789259747225281 -0.00437111359193537 115 2.92166560325412 22.739 30433.993274418
0.000630068918777677 500 4.31674858785663 -0.0586183623574529 1 2.7395528391209 0.655011197566131 95 2.47449032648491 14.6162 33230.7409575791
0.000766523948122971 500 4.63002793773858 0.494467847031782 1 -0.14995971303331 0.843335291236053 108 2.67787842987318 15.3838 36131.9503693249
0.000886207022614974 500 4.62600921086548 0.540065670992985 1 5.89503462393568 -0.161495854296137 98 2.6576150643334 16.8218 26776.4705393085
0.0010543614483699 500 3.99806274268566 0.283284706448542 1 -5.81292230654599 1.24695654712315 88 2.70548062455705 21.9516 34456.5194934482
0.00131748609883573 500 4.34627684791506 -0.618618103752082 1 2.98481216494426 -0.445524148510954 116 2.77062231783043 21.699 32140.290912258
0.00149173189932891 500 3.9843983494386 -1.38063706285296 1 0.813254455160463 -0.00504177193434419 100 2.90758024339616 22.2202 27114.8720090168
0.000679948214608735 500 4.3362481088088 -0.280983747929238 1 0.705869294417505 0.983460426891876 91 2.84571625394435 14.5882 28673.9618503899
0.000846170178843176 500 4.43569639193439 -0.490959420036516 1 7.09096184668974 0.134226800295826 104 2.41834652030336 22.7432 29322.6937724751
0.000949017688029544 500 4.27701877852661 -0.576294586511219 1 -2.18085743129654 1.708179554451 95 3.04516162224276 14.4412 30753.5554793411
0.000870284986762341 500 4.28505507242244 -0.076696051421334 1 -9.01054388872163 2.19239506227524 89 2.83798217827281 17.3854 35058.8844776837
0.00119390976611811 500 4.86791486850723 0.779466709228968 1 7.31814734765775 -0.278354605849273 121 2.4912729456848 17.5136 25979.7707072709
0.000830859199875419 500 4.2457771237967 -0.848470787258331 1 4.28149074085445 0.50363695188732 103 3.07060922924277 23.011 29912.226455322
0.000813617834584129 500 4.30311887991861 -0.373586259637154 1 -3.99105946182915 1.09367888662259 101 2.71459633652716 19.4972 29654.5270515241
0.00115172928786982 500 4.65492144509477 0.846358051297188 1 2.7052853429114 -0.236312448757729 100 2.11977247592513 13.4646 33094.1245673923
0.000780745150611528 500 4.02988036841653 -0.921498332253838 1 -0.0723157799634979 0.969677701387871 89 2.97631009383047 21.4804 30536.1496728449
0.000822471294876787 500 4.35785763557899 0.45719219830994 1 6.21683367264675 0.841265203435161 93 2.4904311177872 14.7668 23237.0605739313
0.00132042071502407 500 4.71309676278125 1.42700307056385 1 -7.3389126926332 2.18261980259593 110 2.7192184797758 9.8018 27649.4007266637
0.0012114792853496 500 4.38865204447284 0.996783746177406 1 -17.0605889508168 2.33436410077965 117 2.71217423846652 17.998 35565.038985504
0.000881217517938287 500 4.18531397066434 -0.613689702600713 1 11.5705804215836 -0.464804994649268 94 2.8244226744189 23.399 25208.884586418
0.000854224457646381 500 4.11695457759234 -0.331685814927097 1 10.7550712789495 0.454951640858695 90 2.26238950194727 21.9574 28468.8509140584
0.00117193441079872 500 4.86097960633249 0.883277974217856 1 2.13915170301781 0.0540329856415415 108 2.77843822168846 13.5552 33317.2763193692
0.000960411119792638 500 4.51656509985097 0.377584451939019 1 12.1203713147749 -0.317480333630361 96 2.15751212725967 22.882 24907.575511056
0.000982883801176906 500 4.69240264083852 0.83245525777602 1 8.42287716823259 -0.0446709601842903 111 2.69973510065683 17.7672 23788.6064325289
0.00124707644896838 500 3.90776467368141 -0.583644777299809 1 -13.8636769857581 2.28604387549261 85 2.62762177224398 15.4602 29379.3425053064
0.00106219826724628 500 4.1521514946808 0.109684148670046 1 -1.57503223968251 2.31085019749324 97 2.67418660185647 10.1862 25477.9836315719
0.00089424551957127 500 4.4420038394979 0.482940425756471 1 -4.12335072473465 2.14475767081262 104 2.79267893622144 13.0294 35689.0756655084
0.00107521115686869 500 4.11053899891937 -0.555988117430144 1 -5.94225716946675 2.4237902048512 97 2.59673426993039 17.9732 36612.6998117583
0.000872460935810318 500 4.42863629751093 0.589367248510819 1 -11.6298749118834 2.06287977540457 89 2.44726463887978 17.4712 34003.5284288003
0.00068764395680636 500 4.01336142245707 -0.546210977298225 1 0.509058332151159 1.20299072929787 101 2.8358640838415 15.5856 30648.469438636
0.00187000533641437 500 3.81928636604624 -0.286428237203791 1 -20.3875720504745 3.16810509773568 89 2.7149473787725 15.0984 35034.9083273518
0.00181869794704927 500 3.73424522040067 -0.727025822565636 1 -16.159649103559 3.09290263662776 80 2.60234261767787 17.0446 33525.2434652851
0.00111690652510173 500 4.38613467926206 0.583141904977529 1 -14.943362805712 2.83678707587536 106 2.93115046973927 13.5754 32313.7884886781
0.00129351477104835 500 4.59358303513291 0.186871573679122 1 -1.84126932913269 1.99122800956159 117 2.87373145243141 15.9514 29934.5973397575
0.00127306011154245 500 3.67176065125253 -1.30251312195504 1 -5.44662541708937 1.87741226223624 81 2.79928526735522 21.4118 33679.8349266741
0.00128713280794679 500 4.52583509965959 0.197821378407394 1 -10.5244746049059 2.37797143361957 103 2.66738221495958 18.5266 34544.0192890142
0.00146678281425733 500 4.21022174737656 1.09341451633561 1 -16.547765710958 2.19375614034093 99 2.73356018757934 19.419 33656.289089058
0.000959877351968677 500 4.2468899613521 -0.965751215013571 1 9.39840826230783 -0.304769012447291 109 2.59506756280183 25.6946 25077.7039048891
0.00151433626763557 500 4.81279614219341 1.19875239751022 1 10.5828019143854 -0.496263255855633 109 2.05815781675211 20.0198 24019.2596468968
0.00300866084881479 500 4.23807882622418 1.32941255639022 1 -5.05330917536138 2.6510303192423 100 2.78295979255504 9.4522 31121.3635898293
0.00088603799739081 500 4.13689607547521 -0.896027797829738 1 1.36646639654193 1.36396187023763 92 2.49689693145094 18.3424 30278.803542114
0.000832048923955446 500 4.31828014866795 -0.167345925751768 1 3.12478055380279 -0.0731130165629812 92 2.62791109430027 14.7156 30676.4686536568
0.000989618801928773 500 4.04135143466332 -0.621694628107463 1 9.32242322930389 -0.415071898586714 84 2.34904311554246 21.3974 24487.5911929128
0.00115558923122807 500 3.89248580687112 -0.647680093099765 1 -7.93118213706906 2.63755173128675 92 2.66438879015042 16.886 35966.791519152
0.00115074236694474 500 4.52613309091027 0.609054667926339 1 12.982190351292 -0.271346587659865 103 2.63805593421993 22.8142 22861.1327234106
0.000628221943483063 500 4.30878761101467 -0.101148584665632 1 2.28674204571757 0.714129476475022 96 2.24283553308207 14.1042 35761.6111949202
0.00093122135560139 500 4.01549599987509 -1.18022586708953 1 0.549796172294604 1.10973465615757 83 2.67273544984791 17.7426 30048.2017277256
0.00114732072127369 500 4.32097947034585 -0.907428411953175 1 3.54677867689052 0.00418874258973589 108 3.03528581446293 23.5142 30729.3551952186
0.000745028618585167 500 4.32646279989839 0.537290164850501 1 -8.16786827202779 1.74775627426952 100 2.78721691455216 18.5242 35145.794489805
0.000932859729821156 500 4.54844696493316 -0.266101938536428 1 4.02834612406066 0.222912972519515 111 2.87420827452485 19.5092 36133.0732431894
0.000988976827067497 500 3.81765119812675 -1.24432415182769 1 -1.84289778949791 1.10226140591745 85 2.69397135183079 20.4894 30970.426797806
0.000868988452827944 500 3.91762135983017 -0.738007784952087 1 7.13319599445717 0.968977918263368 83 2.38181617660975 18.6132 26526.4602798639
0.00127644103143848 500 3.92547676367041 -0.0733132045993536 1 -15.7641782182876 3.00076736519293 79 2.57688172014181 13.8356 27313.817853148
0.000728549984013743 500 4.4067060759437 0.215835859963639 1 2.60648754893577 1.31722647813034 104 2.8592382751168 14.839 32997.329530818
0.00111375346498744 500 3.95739682802843 -0.514215137233756 1 5.32072659066828 1.62358019224893 91 2.98875592138107 16.8802 30650.8671298232
0.000792292225356501 500 4.53131436324889 -0.0146666705452187 1 1.46460443364152 0.220090077676703 110 3.00545589739132 15.7716 33323.7327264434
0.00153988295859375 500 4.26563824332878 -0.445335353083218 1 1.30788576283417 -0.541593545672764 97 2.80124934112247 17.1838 35585.5701227809
0.00105511338801306 500 4.78788467266694 0.707714372669911 1 8.44367429447369 0.45329810603717 111 2.90616371221226 18.2816 26000.041157621
0.00147807339872974 500 4.72345288891779 -0.305310097793713 1 13.3058999943168 -0.624894128737854 102 2.76968537945824 27.4596 28367.8571316415
0.00064686282990621 500 4.30522735923311 0.211272689167583 1 3.03863269667352 0.506328461194214 90 2.44401062943379 12.934 27462.597859248
0.000737072896863398 500 4.09507853051804 -0.803026146686502 1 0.131470128720755 1.26731087468624 87 2.51356210399468 14.219 27944.606533458
0.000683717592689562 500 4.19267888706098 0.126715038061773 1 -8.17807033352101 1.84175646606458 100 2.66296995351718 12.8458 29338.5086921478
0.00151423390000494 500 3.78724960977083 0.100053046140964 1 -9.45429935219704 1.69100048417931 86 2.47242409754715 19.5 26383.23768
0.000744908473673387 500 4.25353378642121 0.35977155824712 1 3.66144779955318 0.946775225928734 101 2.60967121264943 15.0758 33128.152031091
0.000960192988622746 500 4.45776188612709 0.177449732552922 1 6.30898377365237 -0.562018950766849 94 2.3942895042737 18.3614 34150.3660010271
0.000832383824192002 500 4.12972656793775 0.376723067579082 1 -10.2265580038084 2.42154045355837 95 2.56058902054964 12.707 32434.371107106
0.000830178635381115 500 4.20372835772889 -0.0503809791656354 1 9.06249111338211 0.665096596087145 97 2.89256099201179 17.8618 25180.7704368141
0.000835310258471939 500 4.3001264535019 0.272671712109625 1 5.4509204325304 1.22591276638467 99 2.86511699009611 14.787 25702.345812186
0.00161541581944575 500 3.57975622551281 -1.00659102515927 1 -8.06262358357322 1.74177717802894 90 2.92397751399276 24.9304 30730.2399893729
0.000850742455171179 500 4.21294468795575 -0.0399754626098762 1 4.83139841120741 -0.119950111845605 94 2.05669260975502 17.8684 32511.586557739
0.000780107643173222 500 4.48454229077865 0.622178691137229 1 6.74920058578612 0.414994496899312 91 2.65636784747247 15.9056 23421.3295566712
0.00384460865020413 500 4.68375552753465 1.51065924469681 1 15.4371626292009 -0.281982264680356 106 2.57678994025421 23.9742 22537.564189665
0.00100518695649997 500 4.09668801235602 0.193129299281539 1 0.483262061026304 1.92464370012239 95 2.85093147230644 11.4908 33556.0441898826
0.00113438817592759 500 4.48102512318822 1.38508458192793 1 -12.4243258822042 2.00528800659764 99 2.0572970735946 14.2218 31405.0021467405
0.00128793222302514 500 4.53333134667192 1.10246410208957 1 -17.1984104427305 2.53036083104617 106 2.52854926729502 15.054 37499.101740768
0.00135090493183567 500 4.26181558309331 1.01742287339688 1 -19.2231247141795 2.99906314720721 89 2.41856214776836 10.4744 28328.3144059976
0.000957482636129986 500 4.67094494667856 -0.0351633177043405 1 8.00841909646829 -0.247724178745314 113 2.69919598507836 22.0256 32764.1228243704
0.000918435741484172 500 4.77941515732978 0.515364709318816 1 6.93516050632457 -0.0407555974858029 115 2.98634923246947 20.7144 28255.511219156
0.00099662462348262 500 3.98453983571437 -0.89591143906848 1 -7.45594923897269 1.90614518327594 92 2.68717910301686 23.3298 35757.6986313232
0.00372938120883563 500 3.95068470394585 1.20598503856561 1 -22.9584332286841 2.43375156882031 90 2.80509081529182 18.5782 32091.4039900515
0.00110302096534806 500 3.82242238613048 -1.03934467006852 1 7.33068839314243 -0.0335696408015078 77 2.25251731514998 20.9028 32435.5579664279
0.000769231191109372 500 4.36352511449951 -0.413644532087453 1 -0.924583666592646 1.28961519483842 89 2.26585335797941 12.5218 33760.9167376605
0.00107986025739314 500 4.09454689185467 0.0483756087025493 1 -1.10745709951546 2.29431497780297 92 2.90348384325064 11.63 26873.5403676
0.000948112112055656 500 4.17455219516456 -0.716959651170271 1 7.34798267125325 -0.506025411771239 89 2.34757958424401 19.3184 28733.851434955
0.000818014166881989 500 4.0600659797288 -1.06665593275855 1 7.59071744171139 0.439881011692597 101 2.74762556083224 26.0624 28803.8348463252
0.00135388266797916 500 4.12815180997368 0.462931691109311 1 7.06758736736711 0.624476049150906 94 2.59682404252771 16.5916 25533.0866954066
0.00153749266663198 500 4.34138770577517 0.821776241111758 1 -21.1529397166238 2.81729330738122 90 2.91341808179846 11.8062 31700.1214488647
0.000762607125229715 500 4.06196655191358 -0.530346511223945 1 -2.12526399767597 0.758984826028543 89 2.35738109940406 19.6334 37484.7369683074
0.000946019974072782 500 4.38201436824652 0.933743596630849 1 0.206437054104135 1.44273625223073 99 2.1131370877009 9.8762 30530.7145748495
0.00147543514263817 500 4.51272453187618 1.34474727623317 1 4.61541819322329 0.621003909933822 88 2.38398390954545 11.3572 25242.2545075465
0.00177363992285506 500 4.0870333827344 -0.391459563606623 1 -5.64915784388083 3.07271355016747 91 2.876491417872 14.1526 26683.3907543952
0.000812267233460385 500 4.52096657632744 0.326580172520358 1 10.780984746546 0.0121925360609978 112 2.57794292894272 22.3966 25934.2304273174
0.000711793667460886 500 4.2788544934185 -0.397566118756179 1 0.0374143196768086 0.501673304839929 95 2.41916216508773 13.3422 26616.5127706669
0.000701257049940079 500 4.49120118051224 0.441450814972162 1 5.44894688841011 0.776574279078217 109 2.71726043511311 16.6122 26529.2680746517
0.00125796019196158 500 4.59525668247972 1.53003426724939 1 -12.4409408382427 2.38208089931069 105 2.31098163716018 11.5492 33445.593792495
0.00108996589179478 500 4.79879590509773 0.368265428462653 1 10.8882453214396 -0.268749350863756 117 2.42722538419174 22.6398 26296.9861507096
0.000999392637981565 500 4.26023797515025 -0.688937851143766 1 6.31500633776789 -0.521074041828728 91 2.071967287356 19.4394 31091.256155162
0.000883857813508276 500 4.03738508634366 -0.771950254646984 1 -5.91212728764711 1.95074236780322 88 2.74569924727822 27.3664 34027.3297010619
0.00102735371746999 500 3.80920988864829 -0.922774760461899 1 4.20293726146126 0.313990967049781 88 2.13189132330227 19.6578 32738.6296412051
0.000808244628158932 500 4.53479143662586 1.01237450342189 1 -8.34813138171156 1.78609147434235 102 2.18895810359702 13.3544 31019.5382919944
0.000924425075563889 500 4.52971487997512 0.298051974962576 1 7.08962752748793 -0.545418846726497 100 2.17339446198761 17.5994 28393.3217157716
0.000916918894825165 500 4.32924572017735 0.037439580740151 1 -7.36946154840052 2.46212732631563 102 2.53950417265676 12.8464 30232.1651775867
0.00181694921141302 500 4.82799623436157 0.0743555478891058 1 16.4589853529451 -0.487148468996405 112 2.29262415488826 27.2724 24817.7437885908
0.000780794006092528 500 4.4114028185286 0.180551495161013 1 10.5241156758646 -0.00777965369452166 92 2.53149137703502 22.9786 33887.3415968193
0.00177548403510901 500 4.48977409926903 1.52125275290744 1 -5.92844777602524 2.42224650757374 98 2.64317720783968 10.0742 31920.247140441
0.00143583821722401 500 4.59859707320404 1.36073384132775 1 6.23429707321732 0.493383543783685 105 2.78615347621163 15.9844 28140.8845173992
0.00086111728833138 500 3.8610048608594 -0.76830331777038 1 -3.62161123578145 1.27139727220804 76 2.48689647384402 15.777 29663.087186166
0.000715175611835271 500 4.59695667516608 0.234735601675113 1 0.66267232947812 0.797949589713448 116 2.85726604131756 14.0494 30878.1803602076
0.00198610267176148 500 4.00169256313538 0.561256587896932 1 -21.5762488185556 2.55366105721123 96 2.92953531175243 21.9832 33578.0688410127
0.00128936779480717 500 4.8198696891486 0.232709137606183 1 8.36874172762645 -0.578275761509299 113 2.91369640878298 20.3112 28561.7241662339
0.00228832507016094 500 4.31103422948123 -0.988849607633531 1 -0.295873471313497 -0.373048296167326 109 2.87931505780638 26.0296 30075.0530490847
0.00079134748504511 500 4.45808639039283 1.0198438738003 1 -7.55205355802329 1.52262907648344 114 2.36943115737208 16.0808 32254.0229145162
0.0018130856422177 500 4.97371172093493 1.33110934640494 1 3.49689723181087 -0.434706491484258 120 2.76125180177748 16.1514 31724.3941581735
0.000934637158337903 500 4.50189340296547 -0.148990934974522 1 10.2772446449768 0.581166654523479 99 2.90610710116472 21.0156 26223.6770500408
0.000728867262008112 500 4.17531465256373 0.0631836255488858 1 -10.3812903412796 1.94613093740513 92 2.41833554981568 17.6178 29512.6962730835
0.000993832783395516 500 3.81928616389354 -1.25400915302392 1 5.61690572905543 0.524555650452854 85 2.55183930504538 24.5862 29607.9832314599
0.00138280391250485 500 4.74597277483204 0.735768705264886 1 1.64395623243423 -0.391006389369382 119 2.25427052122401 15.2006 32209.1612440684
0.000622818210736859 500 4.45637764419046 0.548963819472726 1 -3.2655898496358 1.19073838798181 117 2.74695961604165 17.3492 32848.418056575
0.000946798085204545 500 4.00377064809876 -1.17694737912624 1 -0.096371267526759 1.31219569510128 105 2.72426992169876 20.12 29205.2120952
0.00105236771017594 500 3.88796454869156 -1.38121707058383 1 5.85029154579697 0.815720941252341 92 3.08225167152362 24.9564 30359.0869399323
0.00090694416553036 500 4.16383679010564 -0.32106222075671 1 8.07009096304639 1.07937651471024 90 2.47044812420547 18.2538 23884.1756720857
0.000919476129544167 500 4.18849566569031 0.194711183935519 1 7.69827547081927 0.130908024212107 99 2.10378458159761 19.4216 33594.0519771794
0.00114519152627545 500 3.91479252315372 -1.21292944804916 1 2.02976598387461 0.0510117025918032 87 2.58710880411393 17.9236 31155.5656463685
0.00102292770570198 500 4.19108622425793 -0.100210573993338 1 -14.5959488225894 2.62433442723999 96 2.65853906284943 15.628 36168.340896864
0.0009270079230349 500 3.97293974102136 -0.941939872607238 1 6.37139385188093 1.0708240740009 90 2.71620229721926 21.8358 34686.3492954174
0.00105061938579888 500 4.8616150934419 0.737922849810089 1 6.71472527476331 0.196621142441212 118 2.94280779928312 18.9318 29614.2330557349
0.0017585593849487 500 4.61960149084503 -0.728686082553482 1 7.44863436583364 -0.470039978466133 115 2.79616276101365 24.907 29675.084609946
0.00111614792657768 500 4.78165275262449 1.06834294567668 1 -5.22662927042602 1.82170204715471 108 2.37465962495484 13.2692 33849.5452799478
0.000635117230668478 500 4.24575678718335 -0.34127329241469 1 -0.852763226128643 1.38602219761886 95 2.37159566639073 14.2136 36035.3227071429
0.000792670136637612 500 4.27281367857798 -0.369864407274309 1 11.2623114477608 0.320352387128005 97 2.36555843076771 22.3798 26232.2220520072
0.00120216010740844 500 3.97695300402188 -0.949124210556522 1 -6.01518595808912 2.36552537814795 95 2.766816675978 20.752 36638.173167936
0.000847969847212419 500 4.43905975150747 -0.0210693583944043 1 10.1474098295015 -0.651536719360272 113 2.49235614630939 23.128 26420.673283104
0.00101106507557479 500 4.25086242720669 0.50450715120047 1 7.2538463764814 0.454426635322653 90 2.72162160562519 15.2894 23695.656557846
0.00109944697529218 500 4.79030035892691 1.14841939192543 1 -6.6154419577326 1.73963934334051 112 2.68524981074721 12.4782 29998.0863293235
0.00108670189878959 500 3.8893181226895 -1.05892586745439 1 -1.67558020060044 1.94296037420359 78 2.75641058973422 15.2046 28463.1034566787
0.000933889207153072 500 4.53162060079453 -0.192423135121369 1 14.3992273360682 -0.611856538357639 100 2.36520503248866 25.4048 22646.3393527012
0.000774510552491391 500 4.33936108161186 0.4853123826999 1 0.48661698745439 0.365888740239902 103 2.87604989044916 12.6268 30594.0897892977
0.000856098684655107 500 4.72873339388587 0.657464983733113 1 -0.342628238235883 0.547062034538805 108 2.13658693083951 11.1624 31043.4077736852
0.0032279271913039 500 4.1617396346365 1.3795963628249 1 -24.5097317169313 2.49778212835296 87 2.38757747887542 14.5706 29881.3489541236
0.00107067213009028 500 3.94084331245433 -0.921335425947277 1 -4.07510623802544 2.18847705107694 92 2.9361948676354 16.2148 33688.9210481956
0.000747020359971636 500 4.27990050425799 -0.757225039250424 1 7.8598084754988 0.168227502550648 89 2.51070722748599 21.3776 30130.3694123052
0.00088521747073805 500 4.42547020434618 0.662297391659964 1 7.91747683452681 0.340431206824865 84 2.19011592505589 16.223 28806.353600274
0.000843950915522867 500 4.05061487677746 -0.937064754511342 1 9.16877742869143 0.488389520109271 95 2.89906386308716 21.8176 24518.2887015276
0.000758095068158103 500 4.61680928929063 0.336133064687241 1 6.97540625731148 0.531175770990487 107 3.10300596740627 18.0878 29035.0007164283
0.000853855717187459 500 4.60683523207381 0.699698054747938 1 -6.37872913150528 1.95231583049201 107 2.26039108748093 14.0694 34847.1971566988
0.000578455547403963 500 4.31366309712703 -0.0480876527005214 1 3.03620197296251 0.818445103925219 97 3.10860746467832 15.8876 31170.3454736268
0.000637492208410339 500 4.30540913863505 0.335817668404613 1 -0.792936911989671 0.765008032160319 94 2.38195973435021 11.9562 32064.4186439087
0.000751631927967372 500 4.55545351394734 0.0413279139947123 1 9.94362622024353 -0.140162150902449 103 2.03620607048285 20.0562 26028.3736820447
0.00158696257980797 500 4.73413583108611 1.43790613774706 1 5.99457590322698 -0.363971960868959 107 2.38172595195964 15.897 24474.145395006
0.00107733711974046 500 4.20769994071424 -0.0869686072949081 1 -1.61021015306691 2.35620319405399 94 2.69989675306002 12.6632 32476.4662060239
0.000603191590588304 500 4.19120476013945 -0.131710353552837 1 -3.68448630318586 1.52037246213342 103 2.41927747397676 16.4228 36798.5726279927
0.00102044339360737 500 3.93493638670726 -0.847426528497737 1 7.92959510161043 0.987838257159275 79 2.42872073007287 20.83 34107.9553716
0.00092131456687071 500 4.76304668997421 1.04785918005019 1 5.77193978823075 0.296778331365993 98 2.59696161827399 15.2064 25703.5373329083
0.00090498557050389 500 3.97182083559746 -0.538883882831345 1 -10.5065129782369 2.2451389859443 97 3.055052141469 21.9518 29740.5041473797
0.000670710443730173 500 4.1314593244959 -0.263007562681559 1 -6.63396619894156 1.63605840697584 94 2.93630675057484 23.9524 30511.6732863156
0.000990700276994273 500 4.32698085750126 0.642044954203166 1 6.99871339908484 0.266385555748774 82 2.20812928833173 15.7852 25675.0104147644
0.000816172703277998 500 4.20850717059308 -0.389084683474147 1 6.60108913495154 -0.354980755563564 90 2.65234318012469 20.951 26907.256852722
0.000705556856496183 500 4.39585137771925 -0.172259694868703 1 -3.49588024933525 1.2024934735106 115 2.88984833436785 23.0404 33586.0198221665
0.000751524910968443 500 4.55718613198374 0.274136484856465 1 5.67623350390317 -0.178750441300624 92 2.58335782928046 16.1824 26661.7314087444
0.00070094827251741 500 4.21994806983706 0.146338025538891 1 -4.53354414937078 2.06593594890832 91 2.77048875702447 12.2954 29626.4011486253
0.00122035712964623 500 4.86528817484676 1.28271568645995 1 -5.92468209139973 1.44604364132222 126 2.45325833958905 18.4808 31307.6821289802
0.000734523374207785 500 4.50598841081309 -0.0609637644025627 1 10.0983521261095 -0.178225652674936 97 2.21124657151138 19.5566 24735.811756871
0.00135737784559778 500 3.86892280064423 -0.131125371341472 1 -16.8994057732369 2.37408083203786 79 2.79210859718481 17.079 33395.134306458
0.000646338241426207 500 4.174173091242 -0.461213689492472 1 -4.6337504265159 1.75487650901157 97 3.00689092769702 19.4592 30508.2507500214
0.00154729191885357 500 4.88786681399701 0.478244216567223 1 12.9001870384231 0.111356324298507 114 2.65932265869655 24.9778 25649.9727711539
0.000790359527718082 500 4.26722138015941 -0.690155300119353 1 2.70946108217106 1.3063790981185 102 2.76062176873488 19.3308 34411.3993146282
0.00105096240289742 500 4.17544811883037 -0.273772052569945 1 12.3029547060544 0.677728931830246 89 2.49039735570813 23.694 29431.624190928
0.000886891509578087 500 3.91257826002306 -0.759597073055507 1 -6.77621130447855 2.29086633292997 101 2.71080874366921 22.9802 30659.3765283992
0.00127272643848914 500 4.97937004679107 1.20015848746918 1 5.17528146223385 -0.246989229613817 116 2.4112231438549 16.235 25598.29776585
0.000901001749994939 500 4.59971411679805 1.0594582425083 1 -11.5352470619 2.11308907116736 108 2.59875510698885 15.1106 35011.595592178
0.000535161967873872 500 4.42841525142048 0.320687963769872 1 0.95178531052437 0.715054299125476 101 2.81040604231232 14.2386 30395.8505187729
0.000910463131741511 500 4.38292988012124 0.934038078410412 1 2.95517512240739 0.978801328510505 88 2.75291320745653 11.2982 27301.7728479843
0.00100601244542575 500 4.68159748224776 0.750209622881755 1 10.2215082439789 0.547068018946317 97 2.3234339256438 18.6342 23548.4840018394
0.00110096089110995 500 4.92899192871769 1.20791987674565 1 7.29589086837806 -0.120542107379469 122 2.67605221969114 19.7634 31300.4922423322
0.000909280888213655 500 3.97348719264092 -0.554868750508539 1 -11.1369518195702 2.56778777701633 87 2.82706884146175 17.8068 32603.1165582129
0.00371687404820809 500 3.98868070995514 -0.671551270460477 1 1.62738486208142 2.88327134552905 84 2.92351895665988 18.2422 33001.8598880269
0.000922351513988634 500 4.34759656118396 0.908340189657832 1 -6.38367647078346 2.34339444220843 95 2.54645563858273 10.0336 26006.7975156741
0.00164092824933043 500 4.24007044729363 1.1127328605555 1 -23.230806530341 3.15153126250567 94 2.68248499983064 10.3528 25590.4807205399
0.000663370127362154 500 4.31688346110661 -0.389489585196626 1 11.073469265101 0.0946564210921769 88 2.63610958630495 26.0406 31365.9645573388
0.000874627589024573 500 4.19735657164785 0.666689737042081 1 -14.1726363767825 2.20885845320318 96 2.43901043597568 16.5512 36791.3084603075
0.000775756314972864 500 4.27386936867779 -0.255679107618948 1 7.00042263737643 -0.507199373459877 94 2.2417925217753 19.374 30011.619902688
0.00116490021828846 500 4.56450703741624 0.203739269588942 1 2.08738385901061 -0.539292863968647 105 2.11951986363054 17.3122 36547.1480742997
0.000832271417217938 500 4.28690227835312 -0.561031261739109 1 7.84778604522629 -0.664126201621019 90 2.43311599177602 20.3476 27223.4366292684
0.00124574535410889 500 4.41359753971217 0.231948547891189 1 -2.84273041334155 2.50353957583501 93 2.9524060622247 11.208 29977.910353824
0.000993916793543465 500 3.80522963663937 -0.459350049215348 1 -9.85922048531937 2.39345102138064 97 2.65916529887834 21.0752 36464.888091446
0.000557026603508731 500 4.17030194866577 -0.251371458141563 1 -3.50739976464436 1.2529065881818 91 2.59018626645857 16.4642 32229.6310610466
0.000893673291876964 500 4.38856247713492 -0.593898709026351 1 0.486628208964995 1.34193712081659 103 2.57673075941907 18.1374 29674.0936083432
0.000882068679735403 500 4.18982292682912 0.397922645322903 1 -4.12245392759696 2.31212657785643 94 2.4396917090159 11.5662 33065.2793436311
0.000926383205158623 500 3.91484291044096 -0.595594361798034 1 4.28364255018647 0.182452894672455 84 2.75450906777247 15.5204 30126.8289256673
0.0013909114039704 500 4.03206220648686 -0.333865140509312 1 -19.0809932859281 2.95162511790289 103 3.01105160723207 18.5726 34062.0806613024
0.000664268240048625 500 4.27247683188404 -0.727733495388871 1 7.32871944353899 0.410464821527004 98 2.76286495201412 24.1214 27905.0272327167
0.000964458818034545 500 4.75352140670174 0.499298290514174 1 13.6003932638645 -0.417548750489771 116 2.50796433123055 25.0504 25300.0042655201
0.00134384019245784 500 4.42501360707236 -0.439836059414484 1 2.80091162233187 -0.668771006587229 119 2.80914957445611 20.187 33805.850054466
0.00102015288752234 500 4.6404631794217 1.49053987965337 1 -4.33590482964697 0.931952426159381 118 2.45238512548829 18.0856 34966.477278124
0.000857172207099725 500 4.71102149663476 0.760563548205587 1 -3.23692460201881 1.60260371155853 103 2.78135590007913 12.2214 31284.7135713087
0.000545389904395376 500 4.35885837570725 -0.194073080482501 1 2.73449762198068 0.858723640693521 89 2.569062164988 13.7164 30109.7677106139
0.00122358056503501 500 4.36479735064741 0.906847640849551 1 -19.8399629470351 2.92908062134126 98 2.77540866245374 11.4992 31363.726114431
0.000902004317237706 500 4.45584079276677 0.451012975311795 1 8.42350366420959 -0.582518239215761 102 2.12003751284563 19.15 23350.164624
0.000901036702512994 500 4.06678230051834 -1.10881881061742 1 6.7659478838189 -0.377942612941851 103 2.84132834384327 26.665 34054.97923635
0.000722791565116003 500 3.94614276871686 -0.544850380189104 1 -3.30851738142069 1.0354944023301 87 2.76108900986893 21.6912 23682.5103893891
0.000805123240830082 500 4.15501530482315 0.0312234912470393 1 7.34317785573884 0.7778751288754 87 2.54260971832858 16.3988 27275.8376344285
0.00088527001831227 500 4.76007693151245 0.25292684950133 1 7.33528544663351 0.161471291518291 120 2.91041046575164 20.908 32426.799743904
0.00102100544064529 500 4.48474019622721 0.459128534479736 1 14.2226558876004 -0.0404367790787986 91 2.34233407691931 22.863 22962.812360274
0.00139533078841774 500 3.87902739963158 -0.486630585177341 1 -9.17991811293187 3.0851354769168 88 3.04501629548487 15.5282 30289.4131982955
0.000633992363533354 500 4.27033520230114 -0.615720890605427 1 8.31103863713368 -0.0909652372905354 101 2.84884922042621 25.295 28839.90774945
0.00113218104530061 500 4.85857581555937 0.532831473401187 1 6.97577031590193 -0.509760161691216 117 2.84529548088173 20.9644 32672.13367322
0.00120357624071412 500 3.86010428014898 -0.709269336565272 1 -14.8868300052257 2.46879105178779 93 3.05012868113736 22.7758 34034.985918459
0.000519532717079002 500 4.29376141929399 0.0654230134176382 1 1.17653282951016 0.862126717473098 99 2.4794122498719 12.227 30740.545128786
0.000703762382128249 500 4.61807592604149 1.04995340719512 1 -3.51276568916676 1.32340709172168 107 2.48324180842585 11.2828 30374.0759786231
