0.037037037037037 500 3.23552699149052 -0.847104400244565 1 65.1342001778415 1.89134887882968 57 1.58620674861669 62.1652 -6047.31807465638
0 500 3.40336386207491 1.20371977137402 1 116.701290290803 1.8771113906987 63 2.60221583429411 77.6068 -37081.9027822671
0.037037037037037 500 3.97894354113728 -0.604715509999169 1 -9.70719945217363 2.01402733148155 88 2.54450015151503 18.2016 30241.9139610962
0.037037037037037 500 4.40211937164665 -2.13076906065137 1 99.4174034696295 0.185443820336892 154 4.6771296406954 49.888 -1162.307796096
0.037037037037037 500 4.16025873015461 0.150145991249852 1 33.441427119452 2.37634309086755 88 3.38406375404754 37.424 7434.332122848
0.037037037037037 500 4.73117421413489 -2.04563833427004 1 54.6460252852321 -0.660433249648701 184 4.88396160747587 45.2522 8457.73764049329
0.037037037037037 500 3.36634060903945 -2.0570561787442 1 9.97098023767953 0.771108207090763 61 2.19100391141538 24.3166 21197.1534704726
0.037037037037037 500 4.80990763382715 -0.306008658457393 1 42.9467420620045 1.09969694697474 160 4.10286217923417 45.3046 4664.37725043067
0.037037037037037 500 4.3419770494675 -1.70570090973576 1 107.96015309257 0.718031415875914 150 4.55452308416296 49.6864 294.58655384909
0.037037037037037 500 4.57954784198565 -1.13491789693142 1 74.2563379288955 1.58238247468229 161 4.53242761715291 58.1558 -11007.5585933058
0.037037037037037 500 3.65831925632829 0.0125928346224233 1 38.508147691834 2.11243244171192 68 2.74365623372141 39.1406 1915.64687073883
0.037037037037037 500 4.73966192167059 0.977197996444378 1 1.53702374000836 1.04887189930363 118 3.17670904504664 12.5958 27351.5840104878
0.037037037037037 500 4.26537994217285 -2.00262997453871 1 100.478260264609 0.863694839540704 137 4.35722827510364 49.7186 4384.40431717771
0.037037037037037 500 3.43079845571704 0.0334632819689068 1 10.1405120728044 1.30883782057785 44 1.68249069290666 15.1324 18276.3338636725
0.037037037037037 500 3.99896859185721 -1.29379217669728 1 96.3987910090573 1.50170154219807 94 3.33135973239456 76.0628 -31111.7732622697
0.037037037037037 500 4.89179577360041 -1.81740241442692 1 6.75604322092503 0.538410729127922 201 4.94585991875695 47.4338 2456.85349398495
0.037037037037037 500 4.08209274090628 0.0896936435368435 1 19.6657410937889 -0.154294892613588 72 1.43254430939043 26.2634 16828.5376723642
0.037037037037037 500 3.79947067408688 1.12016963582979 1 5.92671735279947 1.71963036584597 70 2.91658538798534 9.308 9882.407669184
0.037037037037037 500 4.20401229006147 -0.941492806774873 1 47.2813962303629 2.47911875942717 125 4.21276540880805 50.0074 2437.87468643044
0 500 4.72867894126102 -0.779040780453943 1 91.5981048252434 3.0464101891499 158 4.59545378520635 73.4664 -23841.9051887301
0.037037037037037 500 4.74520901798466 -0.448267807631316 1 10.6711634362152 0.295830642667689 128 3.31799910335839 27.3886 22952.0436599529
0.037037037037037 500 4.32298268983691 1.04371768575593 1 88.2548085064326 2.00684519212727 97 3.58412536471231 83.0548 -14430.3502023068
0.037037037037037 500 3.88624990416464 -2.03022322576391 1 61.4138098082251 -0.511624053056944 117 3.97648418986788 50.106 -2856.617960688
0.037037037037037 500 4.77017388400574 -0.173051758249691 1 4.79294044673041 0.72534459630869 145 4.00666508546242 29.0056 29796.3141850552
0 500 3.91054890723899 -0.700672080018558 1 96.6305364156142 1.65923983207904 85 3.34635106777044 81.5668 -33281.4802697967
0.037037037037037 500 4.70639606135971 -0.915405627744399 1 31.3451179766888 2.03312359183969 174 4.7141657283174 43.6264 9903.76811244749
0.037037037037037 500 4.1172897075988 -1.77845827821201 1 33.80660486048 2.6404836794955 121 4.19882771358369 42.8824 11635.4069031445
0.037037037037037 500 4.60997999383671 -1.63770530856875 1 92.150206939125 1.57002998574502 159 4.650831492358 58.0326 -7695.44658007205
0.037037037037037 500 3.35714068326521 -1.52928019830398 1 48.9368447940881 0.975212555558587 59 2.72075200722899 47.1152 -1278.54788539239
0.037037037037037 500 3.30826117567641 -2.1079666829029 1 108.718562892201 2.89521962030541 79 3.40381688967167 66.568 -19004.759518176
