0 500 3.44848123929317 0.489009758771964 1 82.9859938674888 1.90219279496204 48 2.28665955593054 80.6342 -7330.03856661663
0 500 3.44848123929317 0.489009758771964 1 82.9859938674888 1.90219279496204 46 2.32252916295674 81.0512 -5700.70139274854
0 500 3.44848123929317 0.489009758771964 1 82.9859938674888 1.90219279496204 49 2.51463850400638 80.9986 -6113.15292535349
0 500 3.44848123929317 0.489009758771964 1 82.9859938674888 1.90219279496204 50 1.71613053432642 80.8076 -4915.32800939405
0 500 3.44848123929317 0.489009758771964 1 82.9859938674888 1.90219279496204 69 2.81779734996377 80.1312 -11068.9704509053
0.012987012987013 500 3.16365938519039 0.673556701131921 1 42.7574100663615 0.498149469729115 41 0.744006930093189 43.3924 1618.56205149005
0.012987012987013 500 3.16365938519039 0.673556701131921 1 42.7574100663615 0.498149469729115 31 0.774848061486266 44.0074 2153.54200820645
0.012987012987013 500 3.16365938519039 0.673556701131921 1 42.7574100663615 0.498149469729115 36 1.30054777151557 43.2552 1752.22471844122
0.012987012987013 500 3.16365938519039 0.673556701131921 1 42.7574100663615 0.498149469729115 34 1.222113262504 42.5238 6.44257352654387
0.012987012987013 500 3.16365938519039 0.673556701131921 1 42.7574100663615 0.498149469729115 33 0.892044657581085 43.9324 1455.22672052045
0.012987012987013 500 4.55598633554928 -0.640047968459998 1 36.6941227152237 0.802081296544885 133 3.64487466020226 40.756 8523.276772512
0.012987012987013 500 4.55598633554928 -0.640047968459998 1 36.6941227152237 0.802081296544885 132 3.80952359512035 40.2906 9929.81407100683
0.012987012987013 500 4.55598633554928 -0.640047968459998 1 36.6941227152237 0.802081296544885 127 3.41190554173295 40.443 4439.123184354
0.012987012987013 500 4.55598633554928 -0.640047968459998 1 36.6941227152237 0.802081296544885 116 3.03609329315208 44.4042 7545.39283091217
0.012987012987013 500 4.55598633554928 -0.640047968459998 1 36.6941227152237 0.802081296544885 130 3.63327658067105 39.905 8764.56160575
0.012987012987013 500 4.03474676681671 -2.17862579967727 1 8.42466524064322 1.11170598086818 117 4.28180764163738 45.5618 3666.53793193407
0.012987012987013 500 4.03474676681671 -2.17862579967727 1 8.42466524064322 1.11170598086818 113 4.13874793364205 49.4662 -0.97240566494564
0.012987012987013 500 4.03474676681671 -2.17862579967727 1 8.42466524064322 1.11170598086818 128 4.3475355218464 36.0114 16338.0542661111
0.012987012987013 500 4.03474676681671 -2.17862579967727 1 8.42466524064322 1.11170598086818 118 4.12661846154454 42.3842 4836.86601538738
0.012987012987013 500 4.03474676681671 -2.17862579967727 1 8.42466524064322 1.11170598086818 117 4.31399874460096 50.2048 -4666.75382925081
0.012987012987013 500 4.99776341608921 1.36482481194086 1 35.2200185180345 1.28854343259774 147 3.71598394876896 37.887 5153.842331466
0.012987012987013 500 4.99776341608921 1.36482481194086 1 35.2200185180345 1.28854343259774 126 3.60175662452825 38.1652 4942.62151958362
0.012987012987013 500 4.99776341608921 1.36482481194086 1 35.2200185180345 1.28854343259774 153 4.14933902025391 37.5572 6955.2454366345
0.012987012987013 500 4.99776341608921 1.36482481194086 1 35.2200185180345 1.28854343259774 136 4.04876113046119 38.5712 7153.41213814426
0.012987012987013 500 4.99776341608921 1.36482481194086 1 35.2200185180345 1.28854343259774 162 4.2942433791492 39.557 8384.533010046
0.012987012987013 500 4.51993472792842 -0.261221350842589 1 18.7841701902884 0.84825416357561 128 3.58484259865449 31.1588 20667.9344027869
0.012987012987013 500 4.51993472792842 -0.261221350842589 1 18.7841701902884 0.84825416357561 119 3.66550308162423 31.3136 16741.0093679109
0.012987012987013 500 4.51993472792842 -0.261221350842589 1 18.7841701902884 0.84825416357561 130 3.24699216135002 30.5376 22422.5428688748
0.012987012987013 500 4.51993472792842 -0.261221350842589 1 18.7841701902884 0.84825416357561 110 2.74346255692838 28.7972 19673.0001747241
0.012987012987013 500 4.51993472792842 -0.261221350842589 1 18.7841701902884 0.84825416357561 115 3.2670670821972 27.7142 15900.2498331786
0 500 4.27863021467729 -1.95057023036408 1 88.8388661355637 2.96437308518426 132 4.39578277516486 63.0106 -13164.427859414
0 500 4.27863021467729 -1.95057023036408 1 88.8388661355637 2.96437308518426 108 4.07262723035435 59.612 -14510.000391744
0 500 4.27863021467729 -1.95057023036408 1 88.8388661355637 2.96437308518426 122 4.13720116331134 61.5688 -16038.3296153027
0 500 4.27863021467729 -1.95057023036408 1 88.8388661355637 2.96437308518426 134 4.42463406116008 63.7488 -16616.0389020995
0 500 4.27863021467729 -1.95057023036408 1 88.8388661355637 2.96437308518426 137 4.44890092204234 56.5382 -7687.10379563006
0.012987012987013 500 3.40874061056635 -1.62013275100787 1 -12.3247714937156 2.87828261883459 72 3.16530520303389 22.5276 35905.4492335691
0.012987012987013 500 3.40874061056635 -1.62013275100787 1 -12.3247714937156 2.87828261883459 82 3.37283527153755 28.522 33940.249953456
0.012987012987013 500 3.40874061056635 -1.62013275100787 1 -12.3247714937156 2.87828261883459 76 3.07537001718844 26.6516 33326.1328770002
0.012987012987013 500 3.40874061056635 -1.62013275100787 1 -12.3247714937156 2.87828261883459 82 3.21167085095516 27.522 30832.233151296
0.012987012987013 500 3.40874061056635 -1.62013275100787 1 -12.3247714937156 2.87828261883459 68 3.09414273898952 24.9424 35909.6773739221
0.012987012987013 500 3.6105916662788 -1.83290855860923 1 19.0904329044228 2.78037770687279 80 3.7485725993052 34.8354 9022.86954821573
0.012987012987013 500 3.6105916662788 -1.83290855860923 1 19.0904329044228 2.78037770687279 86 3.83303763857873 27.6444 19339.2054619688
0.012987012987013 500 3.6105916662788 -1.83290855860923 1 19.0904329044228 2.78037770687279 89 3.81208001971824 33.6048 13276.9316647012
0.012987012987013 500 3.6105916662788 -1.83290855860923 1 19.0904329044228 2.78037770687279 84 3.50739703876352 29.1156 21278.9145065368
0.012987012987013 500 3.6105916662788 -1.83290855860923 1 19.0904329044228 2.78037770687279 70 3.40812592789987 29.502 23384.317257216
0.012987012987013 500 3.02567490048889 -0.59311443582611 1 -1.84936717259527 1.99098215943778 41 1.92895648714607 7.4946 30617.4138247051
0.012987012987013 500 3.02567490048889 -0.59311443582611 1 -1.84936717259527 1.99098215943778 35 1.65981365864198 6.8968 26201.6717816625
0.012987012987013 500 3.02567490048889 -0.59311443582611 1 -1.84936717259527 1.99098215943778 35 1.37896859501947 6.3954 28930.9076262173
0.012987012987013 500 3.02567490048889 -0.59311443582611 1 -1.84936717259527 1.99098215943778 33 1.69728818122934 5.2966 14296.2362743814
0.012987012987013 500 3.02567490048889 -0.59311443582611 1 -1.84936717259527 1.99098215943778 35 1.17868047042284 4.77 11672.9452596
0 500 4.64189258823171 0.223534755897708 1 92.439914343413 1.45684161540121 124 3.67884780938454 79.8754 -27159.3961166179
0 500 4.64189258823171 0.223534755897708 1 92.439914343413 1.45684161540121 132 3.81208227232743 80.3074 -30464.0965770576
0 500 4.64189258823171 0.223534755897708 1 92.439914343413 1.45684161540121 139 3.79556486088052 80.8974 -27433.5274941912
0 500 4.64189258823171 0.223534755897708 1 92.439914343413 1.45684161540121 126 3.91106645180013 80.969 -28931.878959402
0 500 4.64189258823171 0.223534755897708 1 92.439914343413 1.45684161540121 118 3.29165038106044 82.7534 -22942.6118585054
0.012987012987013 500 3.33981731045801 -1.613984125222 1 31.8651831501134 2.99534201763081 59 2.80693427148581 37.389 4176.149767638
0.012987012987013 500 3.33981731045801 -1.613984125222 1 31.8651831501134 2.99534201763081 63 3.22720986621214 36.8204 11258.0216552033
0.012987012987013 500 3.33981731045801 -1.613984125222 1 31.8651831501134 2.99534201763081 64 3.3215288864614 34.5298 4391.70030831518
0.012987012987013 500 3.33981731045801 -1.613984125222 1 31.8651831501134 2.99534201763081 74 3.30814096808445 37.6542 6389.92605451617
0.012987012987013 500 3.33981731045801 -1.613984125222 1 31.8651831501134 2.99534201763081 66 3.19667459462854 36.1936 4371.63621176372
0.012987012987013 500 3.98949491512062 -0.280334925870316 1 -3.95286473238538 3.02692848294512 92 3.39196745294764 15.3976 28205.7318336684
0.012987012987013 500 3.98949491512062 -0.280334925870316 1 -3.95286473238538 3.02692848294512 88 3.08079674253869 12.5996 26518.1724256639
0.012987012987013 500 3.98949491512062 -0.280334925870316 1 -3.95286473238538 3.02692848294512 99 3.65108997839107 13.999 18580.196287578
0.012987012987013 500 3.98949491512062 -0.280334925870316 1 -3.95286473238538 3.02692848294512 100 3.48242971377917 13.0372 18449.1982091017
0.012987012987013 500 3.98949491512062 -0.280334925870316 1 -3.95286473238538 3.02692848294512 96 3.44266419718368 16.664 33896.724152928
0.0051948051948052 500 4.78497234685048 -1.72853983010843 1 25.170441278247 -0.457569387870251 165 4.72205656602833 45.7028 5526.7850947799
0.0051948051948052 500 4.78497234685048 -1.72853983010843 1 25.170441278247 -0.457569387870251 188 4.9011961300568 52.8724 -5339.82648993715
0.0051948051948052 500 4.78497234685048 -1.72853983010843 1 25.170441278247 -0.457569387870251 185 4.80331503049256 49.761 -214.651131138005
0.0051948051948052 500 4.78497234685048 -1.72853983010843 1 25.170441278247 -0.457569387870251 177 4.8454036283895 45.7052 5162.98631746522
0.0051948051948052 500 4.78497234685048 -1.72853983010843 1 25.170441278247 -0.457569387870251 187 4.89741972017041 46.8114 7654.25318745509
0.012987012987013 500 3.15054000522504 -0.109398848939351 1 -10.7224750425085 2.49516998240434 32 0.664987885380594 3.4178 11169.9569370515
0.012987012987013 500 3.15054000522504 -0.109398848939351 1 -10.7224750425085 2.49516998240434 32 1.42403978813897 6.508 26163.069663264
0.012987012987013 500 3.15054000522504 -0.109398848939351 1 -10.7224750425085 2.49516998240434 48 1.2358079649952 6.2444 23336.4151164008
0.012987012987013 500 3.15054000522504 -0.109398848939351 1 -10.7224750425085 2.49516998240434 39 0.940259626169431 5.6496 21768.1365192799
0.012987012987013 500 3.15054000522504 -0.109398848939351 1 -10.7224750425085 2.49516998240434 50 1.24854397745426 6.8838 18678.0304721329
0.012987012987013 500 4.16048537921341 -0.46791868544837 1 24.2777573557567 1.55134346725355 102 3.58177831246586 32.2566 16584.533350151
0.012987012987013 500 4.16048537921341 -0.46791868544837 1 24.2777573557567 1.55134346725355 82 2.39496316047139 28.6866 11285.1062841038
0.012987012987013 500 4.16048537921341 -0.46791868544837 1 24.2777573557567 1.55134346725355 102 3.1237065139502 31.5902 14547.0645161936
0.012987012987013 500 4.16048537921341 -0.46791868544837 1 24.2777573557567 1.55134346725355 107 3.34138166394952 30.0382 16674.6925187139
0.012987012987013 500 4.16048537921341 -0.46791868544837 1 24.2777573557567 1.55134346725355 91 3.3220267433587 30.3488 12216.2319058045
0.012987012987013 500 4.07928060985121 -0.770590430605696 1 10.0055015100463 0.771289994131806 83 2.65631413926926 23.1898 28282.9284290656
0.012987012987013 500 4.07928060985121 -0.770590430605696 1 10.0055015100463 0.771289994131806 88 2.55882868684796 22.0586 28004.3277109041
0.012987012987013 500 4.07928060985121 -0.770590430605696 1 10.0055015100463 0.771289994131806 104 3.24364550226496 27.3294 35248.3665408284
0.012987012987013 500 4.07928060985121 -0.770590430605696 1 10.0055015100463 0.771289994131806 83 2.73544771001795 20.231 22144.632423402
0.012987012987013 500 4.07928060985121 -0.770590430605696 1 10.0055015100463 0.771289994131806 104 3.33548274141859 24.3908 23604.0763615146
0.012987012987013 500 4.04471497687854 -0.62484756276399 1 33.1064061949637 2.46048904393825 98 3.6592237784247 36.9904 6296.59934827853
0.012987012987013 500 4.04471497687854 -0.62484756276399 1 33.1064061949637 2.46048904393825 92 3.70801465517779 35.6816 6642.40195656499
0.012987012987013 500 4.04471497687854 -0.62484756276399 1 33.1064061949637 2.46048904393825 89 3.58504673465754 36.269 8161.056392838
0.012987012987013 500 4.04471497687854 -0.62484756276399 1 33.1064061949637 2.46048904393825 107 3.88348644567414 36.4286 8509.28824268731
0.012987012987013 500 4.04471497687854 -0.62484756276399 1 33.1064061949637 2.46048904393825 106 3.85594490136251 38.7452 5820.58122069082
0.012987012987013 500 4.21466697584316 -0.472732874029251 1 -3.80256983052514 1.98772529614261 90 3.24516047123296 14.159 22895.060641218
0.012987012987013 500 4.21466697584316 -0.472732874029251 1 -3.80256983052514 1.98772529614261 94 2.62345453523477 15.9642 30299.6514652866
0.012987012987013 500 4.21466697584316 -0.472732874029251 1 -3.80256983052514 1.98772529614261 95 2.87117370734125 18.9166 44636.6214617846
0.012987012987013 500 4.21466697584316 -0.472732874029251 1 -3.80256983052514 1.98772529614261 106 2.8350547480264 16.3526 31566.0220767072
0.012987012987013 500 4.21466697584316 -0.472732874029251 1 -3.80256983052514 1.98772529614261 94 2.71360061975478 15.023 37584.746094354
0 500 4.72867894126102 -0.779040780453943 1 91.5981048252434 3.0464101891499 148 4.54380175005999 70.8088 -21178.6886487491
0 500 4.72867894126102 -0.779040780453943 1 91.5981048252434 3.0464101891499 158 4.60736101788087 70.171 -23033.179528998
0 500 4.72867894126102 -0.779040780453943 1 91.5981048252434 3.0464101891499 167 4.69223411113924 67.8218 -18989.0038971795
0 500 4.72867894126102 -0.779040780453943 1 91.5981048252434 3.0464101891499 157 4.4087935783526 70.9902 -19561.6074168064
0 500 4.72867894126102 -0.779040780453943 1 91.5981048252434 3.0464101891499 170 4.59487103378471 68.0418 -23011.0616432787
