S 1000
0.001 0.001
0.001 0.002
0.001 0.003
0.001 0.004
0.001 0.005
0.001 0.006
0.001 0.007
0.001 0.008
0.001 0.009
0.001 0.01
0.001 0.011
0.001 0.012
0.001 0.013
0.001 0.014
0.001 0.015
0.001 0.016
0.001 0.017
0.001 0.018
0.001 0.019
0.001 0.02
0.001 0.021
0.001 0.022
0.001 0.023
0.001 0.024
0.001 0.025
0.001 0.026
0.001 0.027
0.001 0.028
0.001 0.029
0.001 0.03
0.001 0.031
0.001 0.032
0.001 0.033
0.001 0.034
0.001 0.035
0.001 0.036
0.001 0.037
0.001 0.038
0.001 0.039
0.001 0.04
0.001 0.041
0.001 0.042
0.001 0.043
0.001 0.044
0.001 0.045
0.001 0.046
0.001 0.047
0.001 0.048
0.001 0.049
0.001 0.05
0.001 0.051
0.001 0.052
0.001 0.053
0.001 0.054
0.001 0.055
0.001 0.056
0.001 0.057
0.001 0.058
0.001 0.059
0.001 0.06
0.001 0.061
0.001 0.062
0.001 0.063
0.001 0.064
0.001 0.065
0.001 0.066
0.001 0.067
0.001 0.068
0.001 0.069
0.001 0.07
0.001 0.071
0.001 0.072
0.001 0.073
0.001 0.074
0.001 0.075
0.001 0.076
0.001 0.077
0.001 0.078
0.001 0.079
0.001 0.08
0.001 0.081
0.001 0.082
0.001 0.083
0.001 0.084
0.001 0.085
0.001 0.086
0.001 0.087
0.001 0.088
0.001 0.089
0.001 0.09
0.001 0.091
0.001 0.092
0.001 0.093
0.001 0.094
0.001 0.095
0.001 0.096
0.001 0.097
0.001 0.098
0.001 0.099
0.001 0.1
0.001 0.101
0.001 0.102
0.001 0.103
0.001 0.104
0.001 0.105
0.001 0.106
0.001 0.107
0.001 0.108
0.001 0.109
0.001 0.11
0.001 0.111
0.001 0.112
0.001 0.113
0.001 0.114
0.001 0.115
0.001 0.116
0.001 0.117
0.001 0.118
0.001 0.119
0.001 0.12
0.001 0.121
0.001 0.122
0.001 0.123
0.001 0.124
0.001 0.125
0.001 0.126
0.001 0.127
0.001 0.128
0.001 0.129
0.001 0.13
0.001 0.131
0.001 0.132
0.001 0.133
0.001 0.134
0.001 0.135
0.001 0.136
0.001 0.137
0.001 0.138
0.001 0.139
0.001 0.14
0.001 0.141
0.001 0.142
0.001 0.143
0.001 0.144
0.001 0.145
0.001 0.146
0.001 0.147
0.001 0.148
0.001 0.149
0.001 0.15
0.001 0.151
0.001 0.152
0.001 0.153
0.001 0.154
0.001 0.155
0.001 0.156
0.001 0.157
0.001 0.158
0.001 0.159
0.001 0.16
0.001 0.161
0.001 0.162
0.001 0.163
0.001 0.164
0.001 0.165
0.001 0.166
0.001 0.167
0.001 0.168
0.001 0.169
0.001 0.17
0.001 0.171
0.001 0.172
0.001 0.173
0.001 0.174
0.001 0.175
0.001 0.176
0.001 0.177
0.001 0.178
0.001 0.179
0.001 0.18
0.001 0.181
0.001 0.182
0.001 0.183
0.001 0.184
0.001 0.185
0.001 0.186
0.001 0.187
0.001 0.188
0.001 0.189
0.001 0.19
0.001 0.191
0.001 0.192
0.001 0.193
0.001 0.194
0.001 0.195
0.001 0.196
0.001 0.197
0.001 0.198
0.001 0.199
0.001 0.2
0.001 0.201
0.001 0.202
0.001 0.203
0.001 0.204
0.001 0.205
0.001 0.206
0.001 0.207
0.001 0.208
0.001 0.209
0.001 0.21
0.001 0.211
0.001 0.212
0.001 0.213
0.001 0.214
0.001 0.215
0.001 0.216
0.001 0.217
0.001 0.218
0.001 0.219
0.001 0.22
0.001 0.221
0.001 0.222
0.001 0.223
0.001 0.224
0.001 0.225
0.001 0.226
0.001 0.227
0.001 0.228
0.001 0.229
0.001 0.23
0.001 0.231
0.001 0.232
0.001 0.233
0.001 0.234
0.001 0.235
0.001 0.236
0.001 0.237
0.001 0.238
0.001 0.239
0.001 0.24
0.001 0.241
0.001 0.242
0.001 0.243
0.001 0.244
0.001 0.245
0.001 0.246
0.001 0.247
0.001 0.248
0.001 0.249
0.001 0.25
0.001 0.251
0.001 0.252
0.001 0.253
0.001 0.254
0.001 0.255
0.001 0.256
0.001 0.257
0.001 0.258
0.001 0.259
0.001 0.26
0.001 0.261
0.001 0.262
0.001 0.263
0.001 0.264
0.001 0.265
0.001 0.266
0.001 0.267
0.001 0.268
0.001 0.269
0.001 0.27
0.001 0.271
0.001 0.272
0.001 0.273
0.001 0.274
0.001 0.275
0.001 0.276
0.001 0.277
0.001 0.278
0.001 0.279
0.001 0.28
0.001 0.281
0.001 0.282
0.001 0.283
0.001 0.284
0.001 0.285
0.001 0.286
0.001 0.287
0.001 0.288
0.001 0.289
0.001 0.29
0.001 0.291
0.001 0.292
0.001 0.293
0.001 0.294
0.001 0.295
0.001 0.296
0.001 0.297
0.001 0.298
0.001 0.299
0.001 0.3
0.001 0.301
0.001 0.302
0.001 0.303
0.001 0.304
0.001 0.305
0.001 0.306
0.001 0.307
0.001 0.308
0.001 0.309
0.001 0.31
0.001 0.311
0.001 0.312
0.001 0.313
0.001 0.314
0.001 0.315
0.001 0.316
0.001 0.317
0.001 0.318
0.001 0.319
0.001 0.32
0.001 0.321
0.001 0.322
0.001 0.323
0.001 0.324
0.001 0.325
0.001 0.326
0.001 0.327
0.001 0.328
0.001 0.329
0.001 0.33
0.001 0.331
0.001 0.332
0.001 0.333
0.001 0.334
0.001 0.335
0.001 0.336
0.001 0.337
0.001 0.338
0.001 0.339
0.001 0.34
0.001 0.341
0.001 0.342
0.001 0.343
0.001 0.344
0.001 0.345
0.001 0.346
0.001 0.347
0.001 0.348
0.001 0.349
0.001 0.35
0.001 0.351
0.001 0.352
0.001 0.353
0.001 0.354
0.001 0.355
0.001 0.356
0.001 0.357
0.001 0.358
0.001 0.359
0.001 0.36
0.001 0.361
0.001 0.362
0.001 0.363
0.001 0.364
0.001 0.365
0.001 0.366
0.001 0.367
0.001 0.368
0.001 0.369
0.001 0.37
0.001 0.371
0.001 0.372
0.001 0.373
0.001 0.374
0.001 0.375
0.001 0.376
0.001 0.377
0.001 0.378
0.001 0.379
0.001 0.38
0.001 0.381
0.001 0.382
0.001 0.383
0.001 0.384
0.001 0.385
0.001 0.386
0.001 0.387
0.001 0.388
0.001 0.389
0.001 0.39
0.001 0.391
0.001 0.392
0.001 0.393
0.001 0.394
0.001 0.395
0.001 0.396
0.001 0.397
0.001 0.398
0.001 0.399
0.001 0.4
0.001 0.401
0.001 0.402
0.001 0.403
0.001 0.404
0.001 0.405
0.001 0.406
0.001 0.407
0.001 0.408
0.001 0.409
0.001 0.41
0.001 0.411
0.001 0.412
0.001 0.413
0.001 0.414
0.001 0.415
0.001 0.416
0.001 0.417
0.001 0.418
0.001 0.419
0.001 0.42
0.001 0.421
0.001 0.422
0.001 0.423
0.001 0.424
0.001 0.425
0.001 0.426
0.001 0.427
0.001 0.428
0.001 0.429
0.001 0.43
0.001 0.431
0.001 0.432
0.001 0.433
0.001 0.434
0.001 0.435
0.001 0.436
0.001 0.437
0.001 0.438
0.001 0.439
0.001 0.44
0.001 0.441
0.001 0.442
0.001 0.443
0.001 0.444
0.001 0.445
0.001 0.446
0.001 0.447
0.001 0.448
0.001 0.449
0.001 0.45
0.001 0.451
0.001 0.452
0.001 0.453
0.001 0.454
0.001 0.455
0.001 0.456
0.001 0.457
0.001 0.458
0.001 0.459
0.001 0.46
0.001 0.461
0.001 0.462
0.001 0.463
0.001 0.464
0.001 0.465
0.001 0.466
0.001 0.467
0.001 0.468
0.001 0.469
0.001 0.47
0.001 0.471
0.001 0.472
0.001 0.473
0.001 0.474
0.001 0.475
0.001 0.476
0.001 0.477
0.001 0.478
0.001 0.479
0.001 0.48
0.001 0.481
0.001 0.482
0.001 0.483
0.001 0.484
0.001 0.485
0.001 0.486
0.001 0.487
0.001 0.488
0.001 0.489
0.001 0.49
0.001 0.491
0.001 0.492
0.001 0.493
0.001 0.494
0.001 0.495
0.001 0.496
0.001 0.497
0.001 0.498
0.001 0.499
0.001 0.5
0.001 0.501
0.001 0.502
0.001 0.503
0.001 0.504
0.001 0.505
0.001 0.506
0.001 0.507
0.001 0.508
0.001 0.509
0.001 0.51
0.001 0.511
0.001 0.512
0.001 0.513
0.001 0.514
0.001 0.515
0.001 0.516
0.001 0.517
0.001 0.518
0.001 0.519
0.001 0.52
0.001 0.521
0.001 0.522
0.001 0.523
0.001 0.524
0.001 0.525
0.001 0.526
0.001 0.527
0.001 0.528
0.001 0.529
0.001 0.53
0.001 0.531
0.001 0.532
0.001 0.533
0.001 0.534
0.001 0.535
0.001 0.536
0.001 0.537
0.001 0.538
0.001 0.539
0.001 0.54
0.001 0.541
0.001 0.542
0.001 0.543
0.001 0.544
0.001 0.545
0.001 0.546
0.001 0.547
0.001 0.548
0.001 0.549
0.001 0.55
0.001 0.551
0.001 0.552
0.001 0.553
0.001 0.554
0.001 0.555
0.001 0.556
0.001 0.557
0.001 0.558
0.001 0.559
0.001 0.56
0.001 0.561
0.001 0.562
0.001 0.563
0.001 0.564
0.001 0.565
0.001 0.566
0.001 0.567
0.001 0.568
0.001 0.569
0.001 0.57
0.001 0.571
0.001 0.572
0.001 0.573
0.001 0.574
0.001 0.575
0.001 0.576
0.001 0.577
0.001 0.578
0.001 0.579
0.001 0.58
0.001 0.581
0.001 0.582
0.001 0.583
0.001 0.584
0.001 0.585
0.001 0.586
0.001 0.587
0.001 0.588
0.001 0.589
0.001 0.59
0.001 0.591
0.001 0.592
0.001 0.593
0.001 0.594
0.001 0.595
0.001 0.596
0.001 0.597
0.001 0.598
0.001 0.599
0.001 0.6
0.001 0.601
0.001 0.602
0.001 0.603
0.001 0.604
0.001 0.605
0.001 0.606
0.001 0.607
0.001 0.608
0.001 0.609
0.001 0.61
0.001 0.611
0.001 0.612
0.001 0.613
0.001 0.614
0.001 0.615
0.001 0.616
0.001 0.617
0.001 0.618
0.001 0.619
0.001 0.62
0.001 0.621
0.001 0.622
0.001 0.623
0.001 0.624
0.001 0.625
0.001 0.626
0.001 0.627
0.001 0.628
0.001 0.629
0.001 0.63
0.001 0.631
0.001 0.632
0.001 0.633
0.001 0.634
0.001 0.635
0.001 0.636
0.001 0.637
0.001 0.638
0.001 0.639
0.001 0.64
0.001 0.641
0.001 0.642
0.001 0.643
0.001 0.644
0.001 0.645
0.001 0.646
0.001 0.647
0.001 0.648
0.001 0.649
0.001 0.65
0.001 0.651
0.001 0.652
0.001 0.653
0.001 0.654
0.001 0.655
0.001 0.656
0.001 0.657
0.001 0.658
0.001 0.659
0.001 0.66
0.001 0.661
0.001 0.662
0.001 0.663
0.001 0.664
0.001 0.665
0.001 0.666
0.001 0.667
0.001 0.668
0.001 0.669
0.001 0.67
0.001 0.671
0.001 0.672
0.001 0.673
0.001 0.674
0.001 0.675
0.001 0.676
0.001 0.677
0.001 0.678
0.001 0.679
0.001 0.68
0.001 0.681
0.001 0.682
0.001 0.683
0.001 0.684
0.001 0.685
0.001 0.686
0.001 0.687
0.001 0.688
0.001 0.689
0.001 0.69
0.001 0.691
0.001 0.692
0.001 0.693
0.001 0.694
0.001 0.695
0.001 0.696
0.001 0.697
0.001 0.698
0.001 0.699
0.001 0.7
0.001 0.701
0.001 0.702
0.001 0.703
0.001 0.704
0.001 0.705
0.001 0.706
0.001 0.707
0.001 0.708
0.001 0.709
0.001 0.71
0.001 0.711
0.001 0.712
0.001 0.713
0.001 0.714
0.001 0.715
0.001 0.716
0.001 0.717
0.001 0.718
0.001 0.719
0.001 0.72
0.001 0.721
0.001 0.722
0.001 0.723
0.001 0.724
0.001 0.725
0.001 0.726
0.001 0.727
0.001 0.728
0.001 0.729
0.001 0.73
0.001 0.731
0.001 0.732
0.001 0.733
0.001 0.734
0.001 0.735
0.001 0.736
0.001 0.737
0.001 0.738
0.001 0.739
0.001 0.74
0.001 0.741
0.001 0.742
0.001 0.743
0.001 0.744
0.001 0.745
0.001 0.746
0.001 0.747
0.001 0.748
0.001 0.749
0.001 0.75
0.001 0.751
0.001 0.752
0.001 0.753
0.001 0.754
0.001 0.755
0.001 0.756
0.001 0.757
0.001 0.758
0.001 0.759
0.001 0.76
0.001 0.761
0.001 0.762
0.001 0.763
0.001 0.764
0.001 0.765
0.001 0.766
0.001 0.767
0.001 0.768
0.001 0.769
0.001 0.77
0.001 0.771
0.001 0.772
0.001 0.773
0.001 0.774
0.001 0.775
0.001 0.776
0.001 0.777
0.001 0.778
0.001 0.779
0.001 0.78
0.001 0.781
0.001 0.782
0.001 0.783
0.001 0.784
0.001 0.785
0.001 0.786
0.001 0.787
0.001 0.788
0.001 0.789
0.001 0.79
0.001 0.791
0.001 0.792
0.001 0.793
0.001 0.794
0.001 0.795
0.001 0.796
0.001 0.797
0.001 0.798
0.001 0.799
0.001 0.8
0.001 0.801
0.001 0.802
0.001 0.803
0.001 0.804
0.001 0.805
0.001 0.806
0.001 0.807
0.001 0.808
0.001 0.809
0.001 0.81
0.001 0.811
0.001 0.812
0.001 0.813
0.001 0.814
0.001 0.815
0.001 0.816
0.001 0.817
0.001 0.818
0.001 0.819
0.001 0.82
0.001 0.821
0.001 0.822
0.001 0.823
0.001 0.824
0.001 0.825
0.001 0.826
0.001 0.827
0.001 0.828
0.001 0.829
0.001 0.83
0.001 0.831
0.001 0.832
0.001 0.833
0.001 0.834
0.001 0.835
0.001 0.836
0.001 0.837
0.001 0.838
0.001 0.839
0.001 0.84
0.001 0.841
0.001 0.842
0.001 0.843
0.001 0.844
0.001 0.845
0.001 0.846
0.001 0.847
0.001 0.848
0.001 0.849
0.001 0.85
0.001 0.851
0.001 0.852
0.001 0.853
0.001 0.854
0.001 0.855
0.001 0.856
0.001 0.857
0.001 0.858
0.001 0.859
0.001 0.86
0.001 0.861
0.001 0.862
0.001 0.863
0.001 0.864
0.001 0.865
0.001 0.866
0.001 0.867
0.001 0.868
0.001 0.869
0.001 0.87
0.001 0.871
0.001 0.872
0.001 0.873
0.001 0.874
0.001 0.875
0.001 0.876
0.001 0.877
0.001 0.878
0.001 0.879
0.001 0.88
0.001 0.881
0.001 0.882
0.001 0.883
0.001 0.884
0.001 0.885
0.001 0.886
0.001 0.887
0.001 0.888
0.001 0.889
0.001 0.89
0.001 0.891
0.001 0.892
0.001 0.893
0.001 0.894
0.001 0.895
0.001 0.896
0.001 0.897
0.001 0.898
0.001 0.899
0.001 0.9
0.001 0.901
0.001 0.902
0.001 0.903
0.001 0.904
0.001 0.905
0.001 0.906
0.001 0.907
0.001 0.908
0.001 0.909
0.001 0.91
0.001 0.911
0.001 0.912
0.001 0.913
0.001 0.914
0.001 0.915
0.001 0.916
0.001 0.917
0.001 0.918
0.001 0.919
0.001 0.92
0.001 0.921
0.001 0.922
0.001 0.923
0.001 0.924
0.001 0.925
0.001 0.926
0.001 0.927
0.001 0.928
0.001 0.929
0.001 0.93
0.001 0.931
0.001 0.932
0.001 0.933
0.001 0.934
0.001 0.935
0.001 0.936
0.001 0.937
0.001 0.938
0.001 0.939
0.001 0.94
0.001 0.941
0.001 0.942
0.001 0.943
0.001 0.944
0.001 0.945
0.001 0.946
0.001 0.947
0.001 0.948
0.001 0.949
0.001 0.95
0.001 0.951
0.001 0.952
0.001 0.953
0.001 0.954
0.001 0.955
0.001 0.956
0.001 0.957
0.001 0.958
0.001 0.959
0.001 0.96
0.001 0.961
0.001 0.962
0.001 0.963
0.001 0.964
0.001 0.965
0.001 0.966
0.001 0.967
0.001 0.968
0.001 0.969
0.001 0.97
0.001 0.971
0.001 0.972
0.001 0.973
0.001 0.974
0.001 0.975
0.001 0.976
0.001 0.977
0.001 0.978
0.001 0.979
0.001 0.98
0.001 0.981
0.001 0.982
0.001 0.983
0.001 0.984
0.001 0.985
0.001 0.986
0.001 0.987
0.001 0.988
0.001 0.989
0.001 0.99
0.001 0.991
0.001 0.992
0.001 0.993
0.001 0.994
0.001 0.995
0.001 0.996
0.001 0.997
0.001 0.998
0.001 0.999
0.001 1
