2.72787023956655e-13 500 3.97500951804733 1.26988724423426 1 24.3035393792903 -0.448626501018833 58 1.47922004334469 27.9108 9650.18691727142
2.72787023956655e-13 500 4.02589470342174 -2.02185988236566 1 13.2353870992549 2.46003906076273 103 3.87375459552578 37.6806 18523.9427920492
2.72787023956655e-13 500 4.91939642745256 0.0277067629914498 1 -6.96837609343929 2.4874054714273 150 4.0619705275865 24.3502 35717.248086176
2.72787023956655e-13 500 4.7200337483231 -0.427448928379081 1 3.64555198169546 -0.0319040020949438 149 3.71675922579402 25.5884 29327.7013714702
2.72787023956655e-13 500 3.0928351676017 -1.92531384253448 1 17.591414183809 3.0885308098986 64 3.13008767988181 29.1554 13281.4560322829
2.72787023956655e-13 500 4.55228994799126 0.806170874027815 1 3.44995564682176 2.44332173434661 122 4.13045913520787 11.1264 17552.3902793595
2.72787023956655e-13 500 4.06310718390811 -1.38925654937441 1 3.12605729235802 -0.144877217337117 110 3.17256859514389 27.3112 29757.5460326339
2.72787023956655e-13 500 4.6194712950089 1.20173505918558 1 24.951234235242 0.753901676815283 101 3.06281300840062 30.0946 13344.3329765851
2.72787023956655e-13 500 4.60275241883518 -0.309044865220901 1 13.3980997579056 2.13251520064478 153 4.25497798422044 24.644 25511.418707328
2.72787023956655e-13 500 4.71196501468262 0.41562765598069 1 -1.84338310020976 0.985792257373524 99 2.09425000795198 12.9282 34663.9445907675
2.72787023956655e-13 500 3.88000749820331 -1.15259627196526 1 -10.9521022373927 2.29109558908469 105 3.80854008137498 33.0154 13567.4456193005
2.72787023956655e-13 500 3.45408278519567 -0.882295314807864 1 8.52827483593719 -0.191586346337362 56 1.69706887075903 17.2272 23395.0065525673
2.72787023956655e-13 500 4.11440236515924 0.645484571723477 1 11.2908001483185 2.53767332497919 103 3.90258193433764 16.4242 15234.983506869
2.72787023956655e-13 500 3.90963428232446 -1.59927572254275 1 10.7523396991193 0.677237840655306 109 3.75053487614255 28.4206 26234.8780612876
2.72787023956655e-13 500 3.54155794934183 0.183171546170791 1 -2.17627174735535 0.748468271287042 48 0.979334248813703 7.215 26737.57370385
2.72787023956655e-13 500 3.61789468501741 -0.53411998327407 1 -18.4829206965631 0.334932924418547 96 3.99860355900773 37.1316 11262.040645877
2.72787023956655e-13 500 3.13651650062064 -0.933805483678542 1 9.3330252965563 0.24825013180729 41 0.97573388188638 15.9648 16968.9569035876
2.72787023956655e-13 500 3.8539168332424 -1.10621381705087 1 15.0306367205922 1.7944325975751 98 3.37409557691253 25.7474 19281.3721714608
2.72787023956655e-13 500 4.27296018559672 1.35606803187777 1 4.88599292319268 3.06031211740503 112 4.1928201736818 14.1142 13874.8879710906
2.72787023956655e-13 500 3.29742177441996 -2.25097687095734 1 17.7003097851644 2.78153211979626 68 3.40341068754398 32.3288 19833.6197693437
2.72787023956655e-13 500 3.39275406708568 -1.00244748507517 1 -2.90082695917226 3.07010558878139 63 2.68446039212757 14.0286 21164.0000901273
2.72787023956655e-13 500 3.94879757975834 0.131859116788302 1 12.6026313605253 0.582062592323194 74 2.1413792278846 19.335 16147.98073965
2.72787023956655e-13 500 4.42524383492768 -0.905018896453152 1 6.40369734014385 0.345664408952068 138 3.63207139073316 26.798 27764.193739104
2.72787023956655e-13 500 4.24703841342311 -0.851546396080847 1 20.9944137496059 0.782551880004001 103 3.45461373300673 32.9866 18482.9655501038
2.72787023956655e-13 500 3.57052008936135 0.349737009082526 1 -18.1327390912222 -0.349903135299636 96 4.08904217890148 43.3496 13064.2272571039
2.72787023956655e-13 500 3.62085895519843 -1.68173933893836 1 106.999501926464 -0.297095464845491 89 3.89189900525989 40.4058 11779.8479946102
2.72787023956655e-13 500 3.78378794929804 -1.31945265266972 1 5.42579138624715 0.058105292287213 89 2.93599709482221 27.8554 35149.3530499229
2.72787023956655e-13 500 3.44295714771049 -0.454125064554461 1 -9.33272255954798 1.96273124153034 60 1.71832633050085 11.562 32675.582963376
2.72787023956655e-13 500 4.39430130441114 1.41013441115357 1 -17.0903349163244 2.98807230634163 85 2.88132500016663 6.955 21610.28395605
2.72787023956655e-13 500 4.07692473430745 0.881897750217538 1 28.4301540543791 2.67370010594449 109 3.95975338303937 30.9042 6635.86142267218
2.72787023956655e-13 500 3.02280586834252 -0.902518365011318 1 112.07307145769 1.41009090945926 66 3.49492557212588 43.501 10275.326152542
2.72787023956655e-13 500 3.75717541040713 -1.75079120003388 1 14.4011944940314 -0.609040233103465 85 3.26928223887486 38.2484 21919.3796078638
2.72787023956655e-13 500 4.5283252112777 -0.702929242485575 1 -2.48446070533246 1.47225914737689 112 2.95754968888105 19.2278 34017.8262817499
2.72787023956655e-13 500 3.40915570874 0.34485345247367 1 8.8099873886793 1.86774463860444 47 2.45771069306594 11.3518 12041.6171893557
2.72787023956655e-13 500 3.55568614461366 -2.13933891912233 1 0.736913364764771 -0.0516100542299215 66 2.44416826266133 23.5558 35320.3970240142
2.72787023956655e-13 500 3.80222378450399 -0.381390041729435 1 118.54283568376 -0.243789336149651 110 4.16076745742246 35.6322 16853.2572355285
2.72787023956655e-13 500 3.36249457001034 -1.02840442631589 1 -7.69130483117187 3.02097839198012 62 2.39199004417898 16.1854 27088.3316336117
2.72787023956655e-13 500 3.5500615671007 1.56848109537079 1 -1.94040602255845 1.80057818931325 59 1.76572241036488 5.8008 26063.015260833
2.72787023956655e-13 500 3.62302487758501 -0.393406804770161 1 18.8192223615595 1.73285621322515 61 2.78845215075475 22.7846 8898.24205599547
2.72787023956655e-13 500 4.28628175259708 0.472272875299258 1 14.5108974584611 -0.121573851318587 78 1.465462938066 20.6472 16319.7844824361
2.72787023956655e-13 500 3.17096354359388 -0.92804002377144 1 14.6847637525993 2.97070939962319 62 2.72588463917966 21.8542 12530.0939287482
2.72787023956655e-13 500 4.24395890391571 0.451709133621282 1 18.4283549962682 0.852650639756024 76 2.45028568244672 22.5372 11437.3402079017
2.72787023956655e-13 500 4.71810166540137 0.473420140427281 1 -6.80041648085462 2.30297464179625 147 3.67121307324424 19.5886 32917.1799425289
2.72787023956655e-13 500 4.13268448321149 -0.573069717839849 1 13.6688826100668 2.86905036326929 115 3.98452764212154 23.2664 18641.1464431419
2.72787023956655e-13 500 4.63704153558705 0.640408679825394 1 13.0640173164196 1.70856037664448 118 3.80609178766056 20.1462 20865.3762468263
2.72787023956655e-13 500 3.17624404449714 -1.52536601656734 1 10.583042676386 0.329579808341293 45 1.89971715279765 22.2178 26149.2637388915
2.72787023956655e-13 500 3.41741837313445 -0.7924528765694 1 121.643332228553 1.9745231235767 81 3.76748708644456 38.715 11864.50674345
2.72787023956655e-13 500 3.62946224232856 -0.142865895942203 1 16.828415688884 2.81185648862475 82 3.40509208204023 21.9514 12440.5836768615
2.72787023956655e-13 500 3.40142521308968 -1.24602917327695 1 13.4424077384174 2.27277223340701 56 2.73815208378433 17.764 13502.961338208
2.72787023956655e-13 500 3.31706052031415 -1.90441891626599 1 34.7499493193347 -0.491980522761657 67 3.04389754859692 39.1004 12482.5578438881
2.72787023956655e-13 500 3.5243675756827 -0.64922166287268 1 124.332363212307 1.9061566005307 81 3.55342318580782 36.9988 13513.8716221405
2.72787023956655e-13 500 3.38850393259339 1.11372716277903 1 9.19779345064889 1.80885339062363 52 1.92500621461329 11.4936 11522.1097559877
2.72787023956655e-13 500 4.47250247100135 0.310844845793513 1 -7.77410074836807 1.94436526983317 111 2.77941543447895 20.1158 36634.7239875726
2.72787023956655e-13 500 3.3200634301086 0.940715310206404 1 0.63423797508003 2.42359633163905 40 2.16551859749638 4.949 12132.691337118
2.72787023956655e-13 500 4.57599272360932 -0.561560793878953 1 -16.1494422966265 3.12863181242216 152 4.36313241984934 30.3138 26481.4531764121
2.72787023956655e-13 500 4.35772502509272 0.603694137263927 1 -0.446400455932597 2.84848519971585 111 3.70423770211871 12.337 19496.659775166
2.72787023956655e-13 500 3.549804909884 0.273491831223736 1 -19.6024358852068 2.26734580365168 76 2.82373445400886 18.5608 35645.4540021834
2.72787023956655e-13 500 4.26580180159397 -0.976006157688983 1 1.33489746717969 1.87997879291626 124 3.89813680829674 24.7434 29538.359938945
2.72787023956655e-13 500 3.5231980120982 -0.227313322232803 1 19.8323531240458 3.15109156871226 82 3.63761596700032 22.8134 9810.01394225621
2.72787023956655e-13 500 3.44553450708371 1.43468866409964 1 11.9177495278302 0.819127641052962 42 2.05737943675462 14.1068 6857.64831834086
2.72787023956655e-13 500 3.33482736624172 -1.84641201609934 1 26.398181452346 3.17459833405195 71 3.36496339085329 33.4216 7065.56200981939
2.72787023956655e-13 500 4.0659875579183 1.53374094236919 1 -12.5476206891122 2.55859836235906 69 1.5645924770519 5.7558 16544.9848459662
2.72787023956655e-13 500 3.33911542641837 -0.503627904935437 1 21.9541633732733 2.74878919427011 64 2.68931754998431 24.4978 4819.1564425907
2.72787023956655e-13 500 4.61778798303893 1.46152115582894 1 18.5852588518872 0.630960539812618 120 2.99809993696103 25.2238 15761.6258386705
2.72787023956655e-13 500 3.05897529788734 -1.729135718056 1 10.2173165757908 -0.443177702057036 55 1.90604770917895 22.0178 23781.7235542115
2.72787023956655e-13 500 3.84984127493901 -0.556240020558191 1 37.318206884095 0.206097282239259 71 2.46576630534774 40.7076 6665.19010514995
2.72787023956655e-13 500 4.5989862554362 0.248308785802545 1 11.3744181936258 2.17252436463886 125 3.70423280598722 19.731 23717.202703002
2.72787023956655e-13 500 3.79022357392684 -1.66394592529889 1 25.8483725107973 2.18976452862204 97 3.65692451474175 33.4092 15987.2916587094
2.72787023956655e-13 500 4.04458737833798 -0.797368323282502 1 7.99054452098208 1.01525125301937 88 3.26888390049867 19.4712 25534.9718432963
2.72787023956655e-13 500 4.21251349913608 -1.54213511720886 1 16.1427342740353 1.78913406965688 129 3.98238384454672 40.2406 20131.3751426428
2.72787023956655e-13 500 3.67053029453056 0.2191877328231 1 1.1132456168998 1.90921945293809 60 2.26753392629051 7.4878 21741.9132623003
2.72787023956655e-13 500 4.3362868731753 1.14492808640776 1 -15.5904616286629 2.02019561712691 130 3.43455096068637 30.9286 17913.3707129673
2.72787023956655e-13 500 3.90443699878035 -0.12888768057914 1 -7.16328749484382 1.55491148234671 81 2.98639941524321 20.0646 31237.3621914883
2.72787023956655e-13 500 4.26364357028296 -0.843710659316927 1 19.1703265004326 0.124779855565052 111 3.15140843296162 33.6018 17151.4984464717
2.72787023956655e-13 500 3.51608634465886 1.12002549659868 1 25.6881842679577 1.593549027477 54 2.61262497745748 27.2872 4316.4625337257
2.72787023956655e-13 500 3.60896582073672 -0.510261429874715 1 26.0960057331366 2.50756239584633 83 3.45546473643297 28.3876 7273.15690493875
2.72787023956655e-13 500 3.86424534384208 -0.0799935255630406 1 33.4212201646296 1.23554502498638 64 2.29378715835281 35.6354 6972.76580436773
2.72787023956655e-13 500 4.11084654559521 0.462490646023187 1 6.13008809539024 0.869832576955972 84 2.62933152542978 13.4362 21648.2815289279
2.72787023956655e-13 500 3.68669752318878 -1.2980618475511 1 0.105614090536253 1.32479236177146 84 3.39149766277502 30.0054 33162.1595999429
2.72787023956655e-13 500 4.3732436895594 -0.61266808725479 1 38.9048547867918 0.0143632575106342 97 2.79039517154354 42.9486 6121.05507428251
2.72787023956655e-13 500 4.0499904650026 0.50205813304889 1 27.8868853142718 1.56057076034767 84 2.99195661972189 32.6574 9989.63342405045
2.72787023956655e-13 500 3.3468072730368 -1.9928780563375 1 29.7458626922104 -0.368813438975043 68 2.99071287399643 38.0264 13112.1168121275
2.72787023956655e-13 500 3.85068076511193 -1.58278512371106 1 31.9116041234112 -0.0877105069433338 96 3.06384198393775 39.8338 8382.85231520895
2.72787023956655e-13 500 3.07916837464552 -0.922314746548608 1 -8.28844535929384 3.09139303434503 44 1.96070073204362 8.02 18025.7903304
2.72787023956655e-13 500 3.33004181225784 -1.26523386697285 1 31.2145506873727 0.951180011321302 55 2.27458464500163 34.1222 6154.9017616861
2.72787023956655e-13 500 3.75106925601698 -1.7813145778243 1 6.0283258681302 1.76872399113846 90 3.64970059384903 26.5296 29704.7703926047
2.72787023956655e-13 500 4.43681475439062 0.624774106669612 1 22.3035648414283 2.03499206432381 122 3.9788756708526 26.3696 9881.20794182707
2.72787023956655e-13 500 4.37411786498362 -0.694969284814293 1 26.1515402823803 0.297924255464971 105 3.00324580632348 36.2898 13584.0214241776
2.72787023956655e-13 500 3.99382924662391 -0.00449142997846907 1 12.9154075312661 0.112505593049992 72 1.8893142453565 21.7084 21078.2160374254
2.72787023956655e-13 500 4.51392619966669 -0.439354683662322 1 41.4828367585898 -0.21491247664853 127 2.81051443047225 46.5414 7252.62442316788
2.72787023956655e-13 500 4.50986424392415 1.54500044563697 1 -20.4780977004673 2.22257056523508 135 3.6562388968584 26.4936 26771.0424040197
2.72787023956655e-13 500 4.26956484952522 -1.08479338500206 1 22.5740274895914 0.639870404790901 124 3.57641704955055 39.7704 14518.1427301793
2.72787023956655e-13 500 3.19298270961083 -1.62762930116649 1 5.82435732483864 2.60768722508922 52 2.77154978276642 12.6844 28488.1206635912
2.72787023956655e-13 500 3.94149331813399 -1.8027801408197 1 22.1862748644548 -0.571005450295308 90 3.17467427967543 34.4448 16288.5280004068
2.72787023956655e-13 500 3.60685630623437 -1.58799370638761 1 3.33819883291144 1.73431814883137 74 3.45169428640334 20.0534 29901.3001207906
2.72787023956655e-13 500 3.71870026070625 -0.0597040269705231 1 18.1548824967467 1.71837097675877 71 3.06227209225242 24.1474 13942.6078326528
2.72787023956655e-13 500 4.39965941819223 -0.720687817610148 1 11.1150183311431 2.99270400676192 133 4.32861711958785 24.9816 22106.501222261
2.72787023956655e-13 500 4.9706914835847 0.281400264060847 1 -1.15399250730407 0.217551215044106 149 3.2994457320096 26.3022 29078.0266398733
2.72787023956655e-13 500 4.25645146154286 1.50133724958024 1 7.54265899355524 2.84936794434085 105 3.89475591350049 12.4692 9082.47958506777
2.72787023956655e-13 500 3.60419484819798 1.29806431269338 1 14.2863797983271 3.15773879258439 77 3.66125233277232 16.3286 4733.30013306331
2.72787023956655e-13 500 3.63193887597462 0.782843410143489 1 2.90198995950632 0.0887808371058899 39 1.6438456707734 6.2696 13337.7761076511
2.72787023956655e-13 500 4.19504774474306 0.0638515888307478 1 -13.2294062117813 2.0505091354199 127 3.59426939100093 31.4342 23102.4095550714
2.72787023956655e-13 500 3.95788345030323 -1.1391809596474 1 7.0796560003073 2.63144060024123 101 3.87603117068175 20.7386 26752.7829968769
2.72787023956655e-13 500 3.5144925693064 -1.08117073917799 1 14.8854335053824 1.75069562474105 64 2.45499143454242 21.4056 18092.9119915192
2.72787023956655e-13 500 3.30958281175932 -0.630998040282633 1 33.8658456862206 2.43405665187589 55 2.44514442145063 36.415 5962.17961425
2.72787023956655e-13 500 4.34820363334427 -1.35829850583021 1 0.265687230357436 0.366472428998258 111 3.82326674791134 30.915 18327.09876585
2.72787023956655e-13 500 3.58905148917949 -1.25908707909423 1 -2.34776606201194 1.62844582601401 68 2.25390675375963 16.4944 35331.0142819208
2.72787023956655e-13 500 3.44741211106442 -2.25646211652388 1 5.59331211588578 0.976780375213223 70 3.46379920984314 29.8488 25487.6621819965
2.72787023956655e-13 500 3.45125971137546 -1.14610400174935 1 110.315567680541 0.2275424804891 93 3.91823559818498 42.727 14362.997716986
2.72787023956655e-13 500 4.82025969452783 1.09939009008347 1 8.12362082428299 0.777720157920732 112 3.36340284962237 17.1248 24943.125026218
2.72787023956655e-13 500 3.52012761411536 -0.541918941377732 1 18.7394508373807 -0.251791454271553 48 1.17677200697635 22.748 11894.528257824
2.72787023956655e-13 500 4.97889822563622 0.220669153939304 1 16.5898107317626 -0.463206957477541 121 2.66911123839913 27.826 21449.515342512
2.72787023956655e-13 500 3.08880689792056 -0.335048073814227 1 114.432359283883 0.849740222024266 74 3.36486383563614 32.8044 6282.93416698637
2.72787023956655e-13 500 4.22747970123216 0.301525592490542 1 23.6263552791555 1.13933422076786 84 2.75483188068674 29.5594 13241.0071681412
2.72787023956655e-13 500 4.03547633100161 1.55613810341149 1 30.7393764159991 0.244756400499586 71 1.80182543128211 33.6074 7175.66972175845
2.72787023956655e-13 500 4.46369707018509 -0.136941821175371 1 -12.8255048737279 2.69664454684537 118 3.43117053645796 18.4864 32825.1260934651
2.72787023956655e-13 500 4.09636773765087 0.000682597562344789 1 31.290448029968 1.46221715251491 103 3.51031800409882 35.7888 9668.50038999014
2.72787023956655e-13 500 3.41276109574316 -1.6643068335376 1 1.0255635219859 2.75436214718134 83 3.57762330359092 28.16 22852.377552
2.72787023956655e-13 500 4.53318223205162 1.25111630557028 1 1.57905599583173 1.49150120509437 101 3.10369231430517 10.1318 26756.6798656629
2.72787023956655e-13 500 3.26117793756025 0.917993325124309 1 1.770254517172 1.79795848091196 52 2.232046706561 5.5744 16192.9782061256
2.72787023956655e-13 500 4.67180253864871 0.689569947356917 1 38.8774750143639 0.773152405344835 106 2.91617212554848 41.0578 3326.6665591571
2.72787023956655e-13 500 3.67638273575017 0.828948875997378 1 15.2815638568834 3.18197764592832 74 3.34296644805493 18.6328 7073.5959428951
2.72787023956655e-13 500 4.31434230319737 0.308705388214975 1 6.29199009310687 0.376909999120585 81 2.47046587496998 15.2968 24969.0575353905
2.72787023956655e-13 500 3.96855836889474 0.910907793954853 1 34.3212477489491 1.04193539566423 67 2.33949916353488 36.3974 5147.71187706485
2.72787023956655e-13 500 4.38710969028203 -0.818268236132595 1 -2.55392680169316 2.53133054839701 124 3.65040979797306 24.7072 32082.1827239785
2.72787023956655e-13 500 3.35744391924189 -1.09851342902055 1 -0.0932673901552334 0.746121810200554 41 1.25045288242991 6.9682 23916.5061688491
2.72787023956655e-13 500 4.06114412733307 -0.203351276100846 1 23.5538597572828 1.43919847957203 91 2.65207064756048 29.625 12209.82975375
2.72787023956655e-13 500 4.86059739244683 0.73517102887989 1 -15.1446804773877 2.50012871570359 137 3.46997598998118 21.326 36131.710056192
2.72787023956655e-13 500 3.30011168976035 -0.313850131382351 1 8.27969460627064 1.5411111858299 52 1.9048829539995 15.6212 25877.8891683683
2.72787023956655e-13 500 4.54996858546836 0.457358437801618 1 -12.6365069249878 2.7411898499971 112 3.35774773898705 14.7928 29664.4034153495
2.72787023956655e-13 500 4.90565905801998 0.121660953505733 1 33.7079001396894 -0.136332880228571 136 3.32967478891166 41.7494 11553.3487306556
2.72787023956655e-13 500 3.20195634779101 -0.0658806744244878 1 1.94693484639284 0.117373140887777 35 1.25986015821136 6.1478 17203.1178886187
2.72787023956655e-13 500 3.79336714805942 -0.471935542633571 1 24.1998364878236 -0.365692671353673 56 1.25816018372349 29.276 13758.029871552
2.72787023956655e-13 500 3.84490171186812 -1.50778149336735 1 4.70279959250474 0.464333610482398 98 3.21031005795229 22.8042 25595.4272302002
2.72787023956655e-13 500 3.64047876716917 1.36755157929796 1 17.3749254919006 3.13830085856866 83 3.68551665808992 20.7856 4244.17333495603
2.72787023956655e-13 500 3.07079605070269 -1.2248304413592 1 -0.328082429489587 -0.0978392281422623 36 0.957252250395321 7.5094 23930.4722229692
2.72787023956655e-13 500 4.30048108610557 -1.22990460267744 1 30.1605523081264 -0.270448286944511 102 3.4278491115001 42.35 11160.076002
2.72787023956655e-13 500 3.68976594211534 -1.62132244751994 1 6.54395718598971 0.723483551178454 69 2.98202358263272 22.9606 20209.138934878
2.72787023956655e-13 500 4.40676996791363 -0.657945831382973 1 -9.82736935879803 2.98409775950867 111 3.46197564461135 22.805 40164.84215415
2.72787023956655e-13 500 3.59044409809308 -1.8576286316168 1 30.8766528416658 0.0704029956796905 79 3.21666582482108 39.9776 12359.1962882411
2.72787023956655e-13 500 3.82966428289283 1.2285558170222 1 -8.53893061768031 1.36689749898911 89 2.56295074305116 21.1448 32966.8719448228
2.72787023956655e-13 500 4.17991463974724 -1.36485970377985 1 26.6169698815793 1.28156052005999 126 4.08481367112938 38.2254 18877.3640827301
2.72787023956655e-13 500 4.04357657204522 -1.93264681975981 1 4.62489404551452 2.0008537256974 104 4.00134054782511 35.0406 15250.3565094028
2.72787023956655e-13 500 3.94403083462454 -1.21512863990299 1 25.9195976097486 3.10969129238452 110 4.04562697354522 33.3578 12665.7143161811
2.72787023956655e-13 500 4.22935204676259 1.52630267667051 1 -16.2542789995787 2.10102142307877 100 2.30530427785608 15.3518 31173.9086150037
2.72787023956655e-13 500 4.02859832301596 -0.429260149670602 1 15.6773816441768 -0.208536571141053 84 1.93294278113289 25.1234 21466.7389755898
2.72787023956655e-13 500 3.03385723414738 -0.759630885172775 1 -1.54713356168941 0.000651374335610355 50 2.24806842016824 23.0218 24236.8384273725
2.72787023956655e-13 500 4.85273067837208 -0.221474571160646 1 30.499338220316 -0.240390338560054 142 3.42048096253795 39.0938 13142.8322996713
2.72787023956655e-13 500 4.56559211340174 -0.324516847152007 1 38.2002704024548 0.163411086865072 113 3.09528465898293 40.6236 6871.18513000052
2.72787023956655e-13 500 4.86942388699716 -0.118405052859825 1 1.52566133613 0.416255653029215 142 3.3010194396999 20.036 35200.085959392
2.72787023956655e-13 500 4.64528656249866 -0.401798025042028 1 9.55937473333906 0.159972215603409 139 3.39908343145181 28.1842 28516.7492878194
2.72787023956655e-13 500 3.29476317966869 0.568014575418481 1 17.0146818562178 1.46450041509119 56 1.98109656758536 19.992 7803.284446176
2.72787023956655e-13 500 3.82539140302734 1.31552823485101 1 -0.248397924238816 2.13627641393466 56 2.36579267229074 4.692 12413.982772896
2.72787023956655e-13 500 4.31622588297632 -1.10797616020185 1 12.6996064681676 0.61229667466695 119 3.45911998781339 32.6438 25915.3911516913
2.72787023956655e-13 500 4.55555926569924 -1.31463940997412 1 8.35041052025044 1.69070576380894 139 4.30810506101898 31.9526 26289.6700159392
2.72787023956655e-13 500 3.24907092514262 0.883434147281945 1 2.32006397476653 1.99784979032401 46 2.10275818628727 5.1696 11101.1404549471
2.72787023956655e-13 500 4.01696778281173 -1.23566580824056 1 12.3593183237361 -0.275301923326426 91 2.83739508882708 29.8474 23140.2013731408
2.72787023956655e-13 500 3.65937046450749 -1.92848455468346 1 2.24675734558841 0.0620524581993932 92 3.1578044337635 26.8798 34302.8755248472
2.72787023956655e-13 500 4.34106158121582 -1.55690610346734 1 -16.8388305326807 3.13161772246577 137 4.34116348899208 34.543 16700.275891314
2.72787023956655e-13 500 4.36064422174916 1.51027645304995 1 -5.28536082776263 1.37666896264136 84 1.56032778165382 9.6038 29793.0535980337
2.72787023956655e-13 500 4.99018393085711 1.37259334263911 1 36.1794609500677 -0.696988787825894 108 2.02179250665537 39.4496 7392.27118923187
2.72787023956655e-13 500 4.52190505664982 1.08737199557533 1 24.9055946121691 2.57759003872664 122 3.99004829290449 29.7294 8890.04425711637
2.72787023956655e-13 500 3.15710102540022 0.5082795046977 1 -18.0203785101767 2.1496830591643 56 2.38789308007441 18.1148 46054.3478777476
2.72787023956655e-13 500 4.18500791119412 0.153550162039162 1 20.6587695658673 -0.649210578900529 70 1.86828490850074 24.7052 11405.8976896892
2.72787023956655e-13 500 3.81485710639134 1.05705143195814 1 -18.3945890561561 2.83304265143962 70 2.09377665256788 7.5422 26897.2016924269
2.72787023956655e-13 500 3.82664790037414 -0.526262806049222 1 19.4177473384771 3.15335295494685 97 4.01180898073584 24.5112 11984.3043383939
2.72787023956655e-13 500 4.32274735804508 1.37621993691772 1 35.4927314013825 -0.195257588775223 82 2.00216362468929 37.7532 4466.61799598554
2.72787023956655e-13 500 3.66742455376917 0.951462852855679 1 6.75584713118151 0.394454725711094 39 1.71004888578287 10.1508 11249.630770881
2.72787023956655e-13 500 3.65215676232334 -1.53547602453299 1 28.2039231413742 0.728831789374608 80 3.0107020711111 39.6898 12506.2101559696
2.72787023956655e-13 500 3.42973373043817 -0.0255214842915534 1 -3.88288902660133 1.18079792583287 50 1.42069346920949 9.0218 19470.8486232285
2.72787023956655e-13 500 4.54389150456525 -0.458887852999917 1 23.3925205274252 -0.376015866542747 109 3.01264071723441 31.9594 16110.6087119492
2.72787023956655e-13 500 4.14871678961627 0.366769851832907 1 36.6249665747397 1.3217667942164 88 3.13843407904437 38.9594 3737.76854164517
2.72787023956655e-13 500 4.26641195847932 -0.83954864036378 1 -8.01724377250066 2.65488373723477 118 3.8701905710852 21.1356 33879.108654844
2.72787023956655e-13 500 4.04082365316898 -0.461806666589389 1 -21.765657543228 3.186388834133 112 3.60666248298957 21.2042 25817.2433537202
2.72787023956655e-13 500 4.47502179452404 -0.248615830203285 1 39.5340514872572 -0.164977005520207 107 2.61438154661818 42.842 6854.750243376
2.72787023956655e-13 500 3.39538861733396 -0.475655540625727 1 27.311479704699 1.98735866657842 54 1.87261699862999 29.9132 6086.39480447194
2.72787023956655e-13 500 3.62421819202369 0.0952132499587259 1 -22.1613894026726 2.72798309599783 62 1.81965989313475 12.3186 36588.5594159937
2.72787023956655e-13 500 4.30255122058 -0.294532372322329 1 10.9221562368562 2.06739966856469 109 3.59662151647441 20.3602 26692.8378793304
2.72787023956655e-13 500 3.9977158011524 0.290710987203429 1 -12.2445564288995 2.28579074004011 75 2.19719147142654 12.0116 33327.8806247858
2.72787023956655e-13 500 3.71208962326078 1.56012864077573 1 20.2027521186857 2.15678425583865 74 3.19911480638219 21.9858 4224.99389779742
2.72787023956655e-13 500 3.64807022501715 -0.241814634094015 1 4.20438080152962 1.59844164576989 58 2.213408962917 12.8736 26177.8252522245
2.72787023956655e-13 500 3.5657385835303 0.316463084162446 1 15.5801724943449 2.12456778008342 48 2.42363243958849 18.5284 10850.4463906606
2.72787023956655e-13 500 3.15137672323268 -2.08697080830091 1 26.85281326822 1.2282240673847 62 2.38884690845532 37.317 14550.191411646
2.72787023956655e-13 500 3.01164774837345 -2.14847161863998 1 32.8385404302971 1.39658679926032 62 3.09443996025328 41.4274 11977.9456741056
2.72787023956655e-13 500 4.50304107195325 0.796833508474799 1 4.04885206498438 -0.291044822108908 82 1.5917582358735 13.4352 29222.2530570524
2.72787023956655e-13 500 4.28187667187536 0.340351070683659 1 12.2585237310384 0.180809307280928 78 2.21068508258911 19.384 24036.829799808
2.72787023956655e-13 500 4.44570385712665 0.114394491834426 1 27.6082962706569 1.20246679334103 113 2.92313280626705 35.0864 14065.1158600251
2.72787023956655e-13 500 4.10772153068287 0.615311592158349 1 -13.9566241504508 2.20691134512383 83 2.00474221364985 14.282 37013.936328336
2.72787023956655e-13 500 4.12800422033947 -1.16436550408383 1 0.839259055047297 1.69794970243827 97 3.41608494823038 18.3496 34562.4148433119
2.72787023956655e-13 500 4.33254497195315 -1.31246960032866 1 17.2805556776119 3.03553344357456 131 4.36808761117585 34.123 16610.009882274
2.72787023956655e-13 500 4.8623059693831 -0.0330556801457424 1 2.80930689894594 1.72326198312717 150 3.79409224582912 19.8132 35340.6669293679
2.72787023956655e-13 500 3.38619449766725 0.0542437960912006 1 -6.61554658219684 2.96130301867884 49 2.01274594147182 6.6054 18868.5723548069
2.72787023956655e-13 500 4.05123357980186 -0.0266695183020316 1 16.4012789031374 2.44913989407013 93 3.58223780155962 21.9832 14061.7533354447
2.72787023956655e-13 500 3.98243785879947 -0.592229798222519 1 5.69253602423705 -0.125558405351709 77 1.83959842384641 18.0608 28300.2764465994
2.72787023956655e-13 500 4.29976527101966 -1.34440852518394 1 19.8847945874673 0.983930740114046 131 4.23811751681711 37.8178 17786.0146306835
2.72787023956655e-13 500 3.3761481478205 -1.25663301529218 1 14.0200593128568 2.60150485317712 57 2.91385546295874 19.1766 19302.0459554822
2.72787023956655e-13 500 3.426566221416 -2.03278209996358 1 17.8494279536651 3.11658400619838 87 3.7551360386884 34.7446 7127.44728246907
2.72787023956655e-13 500 3.80493135357322 -0.231235622090474 1 3.82166421199218 0.961725824969029 78 2.22960659988993 13.4456 28275.2641997176
2.72787023956655e-13 500 4.76517585690226 0.930738649061416 1 -0.803498036041855 0.913827092646854 114 2.30063802310998 13.9474 39777.8727242448
2.72787023956655e-13 500 4.17660509938886 -1.3467786219096 1 2.1182201169082 0.505132160467562 107 3.01012884208446 26.233 29491.302546894
2.72787023956655e-13 500 3.90187043693056 -0.36219857685254 1 31.646351453464 1.02228269287813 77 2.54221400757506 34.4232 6215.65321927834
2.72787023956655e-13 500 4.01064275598247 0.538488476171322 1 15.4085002619191 1.60135345787078 85 3.09996198639593 19.3722 12212.7383344741
2.72787023956655e-13 500 3.82003779037017 1.48251284652695 1 -9.06670602776576 2.71023113238339 57 2.27331975215819 5.0094 13801.4889306092
1.07556935142636e-12 500 3.66460486977025 -0.311302511697425 1 9.41128421604623 3.60975191979701 96 4.0169522618473 25.3752 14156.743500086
6.44187668737215e-13 500 4.52705813878029 0.00551805165979857 1 1.10806207424332 1.35147727526826 109 3.19723765452073 15.6556 30653.3915429752
8.32579871275383e-13 500 3.10751100198075 -1.57104179029755 1 17.8440936739987 0.764008964388132 50 1.81400926256279 27.4808 25596.1590650442
4.54751745481741e-12 500 3.76688165266368 -3.88189535194163 1 -30.7220908720928 1.80535585882635 109 4.08986380977578 39.6822 13479.2470148605
1.01803429144996e-12 500 3.10480536015378 -1.03181070989052 1 25.1414648620904 2.72402182426537 53 3.09984452992954 29.6846 7275.78182809147
7.95513112371531e-13 500 3.71082708951175 1.08635122141897 1 7.86785037462896 2.5719608468698 66 3.13049773261633 10.3156 6914.62825244083
1.60866511210131e-12 500 3.26321387282897 -0.331174364790587 1 -26.2089152025847 3.55767257242538 52 2.59970182611112 11.4046 24128.7507511747
3.48868127794588e-12 500 5.06896645868755 2.67953896032693 1 -20.2884655160809 2.44866401929422 142 2.74573294079063 13.9466 32859.5395443854
8.38012525970582e-13 500 3.65446295758577 -1.46777518282 1 15.4261254368295 -0.421149089773218 71 2.16298491696342 27.2914 20649.5548622199
2.19731387559957e-12 500 3.26274290144632 -2.36480956463976 1 -21.0503533370738 3.19738041666104 78 3.38219628509655 28.526 25472.267254992
1.72297014423641e-12 500 3.53356741093729 -0.0122678467437469 1 118.891567801607 0.354721941379868 88 3.9173942369335 40.4606 10040.12335687
6.11847109257447e-13 500 4.21347882082542 0.335839768791684 1 9.16968913329305 2.21811189856541 83 3.39956618936913 15.9642 24900.7643195826
6.04924491994268e-12 500 3.35238748308197 -2.36248154779778 1 3.52326448388589 -2.42018556502197 86 3.72802895213988 43.3914 9318.5259306999
1.0420476043061e-12 500 3.44462542136024 -2.09958959262973 1 11.0640494114914 -0.240156819246693 90 3.72377694573637 42.2648 15602.4127024036
5.95370246216409e-13 500 3.37155557324913 0.0509397517763366 1 27.17929417682 1.1862180171357 50 1.61263877350842 30.743 8000.596776954
1.12130034494127e-12 500 4.67780895602054 0.563474179774087 1 33.8294873339287 -0.433991685633286 103 1.87350372020434 38.385 8179.24186695
8.18802811931999e-13 500 3.94907749698285 1.54861554721273 1 14.8270399090856 0.760024186017411 61 1.75367065933503 18.4246 9883.20497030587
5.82394132590814e-13 500 3.74182339914137 0.503851278641969 1 1.51382045921136 1.60179822019429 55 1.39197573022688 7.434 23749.604144928
1.41666238149464e-12 500 3.90555136550795 -0.285537845388592 1 -11.0669376324604 4.00169535468826 101 3.64400299514298 22.4084 20090.9141124814
8.48573461358989e-13 500 3.39230809077046 1.20041479946584 1 11.5662088546608 2.14153572276191 53 1.95601049593873 13.235 5925.90062565
4.18385535767911e-12 500 4.84343928130628 1.50000967829964 1 26.903260151018 -1.67540382760999 116 1.98405423036125 32.575 12301.66868925
2.69184367537713e-12 500 3.29367781005168 2.20927462810799 1 -1.43618741700563 3.58877702498244 58 2.57980396808999 7.7812 6105.72321895066
7.80927443743319e-13 500 3.76391176007151 -0.253230563444909 1 -17.4358041044444 2.73836409317626 70 2.32182487852211 15.9906 35973.4715817268
3.37678445266372e-12 500 2.28211047709902 -0.74001027509533 1 -21.9922457546385 0.862978326168505 36 2.57794986838115 33.259 24800.005810698
7.42691191206439e-13 500 3.33733761378292 -0.464079085351096 1 33.4987773118148 2.40570007541887 70 2.93929989366418 37.0364 4665.45818648909
2.11443607873162e-12 500 3.2214951517206 -1.46050820246413 1 2.27804552966853 -1.50043429079624 55 1.63248513699896 14.9982 33031.8655504083
2.77242570090292e-12 500 3.74579881229405 1.91581862851219 1 -9.16155993594394 4.22218824976899 88 3.52550663217473 14.1098 12326.3358034144
2.39043429336525e-12 500 4.15119064781399 -0.379426065150604 1 2.72470608826155 -1.92812349158816 67 1.37041483679036 12.3958 23669.5778767038
1.39396824070716e-12 500 4.10883036538697 1.64472658998978 1 4.59824781665605 -0.46508042473378 62 1.46557757273067 9.92 18801.3374952
7.12010044901223e-13 500 4.07224521664675 0.268143592130479 1 -13.2815862573606 2.54331189803548 84 2.77024790944384 15.6034 34527.7406027866
8.42264888478017e-11 500 2.01838457823944 -0.355679279154547 1 -70.0044615086048 4.880414719395 31 2.38218802006095 11.539 15608.138862738
6.54234350838818e-13 500 3.80508993603371 -0.966757596673175 1 1.36695911056758 0.198513568567913 77 2.17298356306014 18.6318 37127.8928537349
5.30185879947394e-13 500 4.01702994630288 0.311017526592776 1 16.2414170399894 1.48853605330722 82 3.06192640395385 21.287 13371.057983826
1.6368261499843e-12 500 3.60255450628813 -2.23482708949042 1 -40.3732674751258 2.11193799281638 82 3.67162132550255 35.8562 8326.33458276465
7.35163171762532e-13 500 4.02366382331298 1.19354998440426 1 -7.74400290584791 1.33112858299773 78 2.0562036054696 14.0226 30525.1143321863
6.17513709207159e-13 500 4.50997581342539 0.0902410384223027 1 14.9398737609245 1.54795545037231 117 3.82702877025868 25.2434 19730.414589937
3.53671436067637e-12 500 3.09984128030234 -0.900528065382204 1 15.5046564670732 -2.1929259238995 38 0.978467965823964 22.0476 22069.0470372204
1.42995976423855e-12 500 5.04617281650534 1.15184511985208 1 -2.6919777754101 2.5628112032249 141 4.02098737852464 13.6344 30863.6215338632
8.55743096922606e-13 500 3.11665373076638 0.440175463802474 1 -6.52327807019939 1.27898339647188 36 1.06429987505888 11.2772 37798.3915456873
2.06748505799231e-12 500 3.04420384072207 -2.08879979323193 1 -9.68009569122167 3.21882209629721 50 3.00440664789092 20.3 19177.625244
5.10292507896256e-12 500 3.85732805780058 1.84106015896546 1 -7.64555119173949 4.99069126971802 90 3.85167750343662 33.0632 12199.8750154959
7.20561764071945e-12 500 2.88170866455948 -1.81855705515323 1 -56.3534413684998 3.9454614042143 61 3.45102423189948 29.996 17824.378377792
4.68865941632989e-12 500 3.9468309767757 3.4527847606239 1 -5.84431390962789 3.21921813888844 77 2.87227611343787 5.3482 5088.95017184434
2.61463132832739e-12 500 3.74868890726553 2.11311747001882 1 -47.8073246974822 3.20096811190877 49 1.53628676507221 5.3418 16841.3122052973
1.17632954747901e-12 500 3.45220539651471 -2.15353164747841 1 9.12421681306131 2.79544895640329 84 3.53052517196788 24.3938 31232.0560560073
1.0009775418229e-12 500 4.56686825335645 -1.30614244419614 1 13.6848038485271 2.76825364730845 132 4.32100938005211 29.887 23630.427386346
7.68349106423407e-13 500 4.35400196038889 -1.26197812550922 1 35.3287691717194 0.0112160765026056 121 3.46813585837416 43.0602 8983.27012957041
8.89646645425122e-13 500 4.42561663457314 -0.490578296497624 1 2.90616057048866 -0.330232632097661 121 2.97975807344842 22.303 29979.227791674
4.50773168799821e-12 500 4.18602907839134 0.198147572580389 1 31.8602461516433 -2.63507984234304 78 1.65359406686875 36.3044 7756.00809514637
7.09311850727378e-13 500 3.82526583210235 -1.59642923931915 1 14.8870947306441 0.116305734752648 110 3.73405861377313 33.5446 20087.3569314211
1.6559107613792e-12 500 4.50175316246278 2.47683654910433 1 -6.42840748980012 1.58544221898218 97 1.5679644402303 9.4076 31887.490686894
5.24272362897704e-13 500 4.03170864035659 -0.258903193086543 1 35.1539901260024 1.33329791162119 80 2.15112845891247 39.0318 6674.88478548687
6.41928447027271e-13 500 4.55494849757151 0.176590749201728 1 25.4543300502254 1.33203971786204 116 3.28789403076005 32.2348 14365.8773625604
4.44920172563128e-11 500 2.01421445693004 -3.35024071003554 1 -30.4953287261972 3.74092685409743 32 2.66347406111701 32.6698 12118.1369736208
1.03531672281185e-12 500 4.12123999069226 1.95705988312879 1 9.83720451532185 0.841190707832908 62 2.79575753730539 13.0036 11315.2933746213
7.04451693139604e-13 500 3.61532120690049 -0.701090780539195 1 20.556098714761 -0.296303741357352 52 1.93171352787592 27.2718 16239.9307704165
1.51515358299609e-12 500 2.83461095898174 -1.56780178080153 1 15.1151756545451 2.72443593378917 39 2.29555518312636 21.1526 17524.1497411392
1.11941886526175e-12 500 3.45040655027087 1.91535217084011 1 1.28357456535623 1.50632219576134 52 2.590404742575 3.8658 9369.04797748862
7.11851060435919e-13 500 4.41582961749414 -0.616688534533755 1 20.1432325035106 2.46735755244714 137 4.15048166606464 32.6374 18571.0983704472
3.29851239134673e-11 500 5.30933883855594 3.82895352468609 1 18.1216065495249 -1.09064907844493 119 2.62412499268698 24.1906 14307.1918859908
1.44563273740587e-12 500 2.93040988512002 -0.43617571071714 1 0.558187315009626 3.15642544590408 34 2.26332246587841 6.8554 10341.2405424749
9.29866721712618e-13 500 3.25100078951448 -0.419566351731403 1 12.3234564182148 2.94227711025272 66 3.29511895295746 18.2562 10192.7277690767
1.14150094516267e-12 500 3.34958592955032 -0.57789518390272 1 11.6898362493759 3.447535887757 67 2.74136290144151 22.0772 15766.4176500553
2.05132991565059e-12 500 2.56555613677597 -2.27169962674056 1 14.1287188411633 0.716868782707383 40 2.10820377861503 23.0384 20805.5344106542
1.44426636888873e-12 500 3.69328244733886 -1.87298017884766 1 5.0380833574568 -1.09431106060292 89 3.190591494126 28.4662 21777.9253813751
2.09628017599749e-12 500 5.20083370898866 1.74142963877557 1 -1.56575168767436 2.48287195680957 154 4.09120180821067 11.4034 20802.1568397466
1.86203500671959e-11 500 3.1046524960831 -0.720229427271884 1 -100.946383184157 -0.733697419463323 58 3.32292796034393 44.998 11136.183721824
3.45490974427778e-12 500 3.73804442303631 0.283092786524131 1 -15.3423401563959 4.95484957382684 96 3.77795490792643 37.733 11225.255844414
6.13584022747287e-13 500 4.0702430766309 -0.200198175884139 1 31.2827443614089 0.0488947459467915 81 1.78257883400746 35.8894 9643.74241150997
4.08466439817952e-11 500 2.43747678753778 2.84643526349366 1 -37.6756925932435 4.60257130288985 31 1.38238700265978 8.634 16609.877283408
5.14520818333186e-13 500 3.80162551812028 -0.486790906261454 1 12.2636176054384 0.977229115593168 75 2.52823576119018 19.6832 21736.3480817487
5.54850081580561e-13 500 4.09298157355352 -0.327583684019742 1 25.8406514205015 0.430858258708193 91 2.67046299125965 34.0496 16014.4646776159
6.0371584394033e-12 500 3.1222443048449 -1.01410578569912 1 -88.9301208728221 2.64556395005496 76 3.4575421909069 39.1808 10444.0870142922
6.14892542134929e-13 500 4.32958148396875 -1.0300788068966 1 13.3622109972583 0.820748749440708 133 4.11491693200378 34.7496 21389.1745003999
9.72743035044525e-13 500 3.87486771350057 -0.0263684569899869 1 -28.4866284985984 3.04727130441926 87 2.58997771077316 18.5212 33954.9985062083
5.25697324498266e-13 500 3.84037516949448 -0.539076552212032 1 10.0771994449553 0.823587314001806 74 2.65904683379921 19.7844 27213.6676747592
6.69497726545159e-13 500 3.564980516531 0.448279569129783 1 14.7310809323658 0.235131490499855 52 1.31201447794405 19.4836 12103.8141298821
7.30490098691008e-12 500 3.580419731954 -1.22251981295657 1 -67.7458092701315 4.68664532553395 94 3.9840090730836 39.8874 10908.0523287552
6.82482762467538e-13 500 3.38196163882821 -1.57453735601792 1 26.0969332188271 1.36870841436522 73 3.17618788986002 35.9976 17400.2088057324
2.02421646869627e-12 500 3.076043987743 -0.451131756260734 1 8.72815972586013 3.97760955268905 53 2.46181102749194 27.3438 19059.3428299393
1.61258014965721e-12 500 3.49325746190573 1.27573114735057 1 -15.3435909798612 3.60163003300143 49 1.4539172165451 4.734 10600.817218368
9.67752615721211e-13 500 3.10099892401248 -0.482313874750753 1 -3.06522739953347 2.57680157927649 36 1.59121110788658 5.845 16141.36187955
6.94018787759988e-13 500 3.31048069931975 -1.504917263366 1 29.9042058968578 1.22260295347307 56 2.32787397814856 37.1546 11216.1925019467
3.14965494593384e-12 500 4.66484725019669 3.11820605371429 1 -5.4978273179781 1.2814127309806 85 1.48441992017676 7.563 27058.697150514
6.36218015104878e-12 500 2.34801317021583 -1.92531889291849 1 -19.1511188860907 3.35409082157105 28 1.54195443996471 12.0774 21473.4614487576
1.89827177983409e-12 500 5.17141007536923 1.20413114094052 1 7.30341955412546 0.0897643916806801 148 3.53398924891138 19.7176 26332.9385616876
1.22710822261454e-12 500 3.55965757307117 -1.60363785281073 1 -6.7071304396088 3.28682396112895 78 3.74168453030973 26.9932 17304.2922868911
8.97427722652437e-13 500 4.57109993329851 -0.938316084279038 1 5.51139964439961 2.72125829100063 145 4.25047521339015 28.3568 25807.9812573489
5.94273379420227e-12 500 4.31936336866097 1.84666278502065 1 -41.6362248269284 4.88715062157231 123 4.26023870416401 26.9246 17708.1194113699
4.06572770778805e-12 500 3.66787516431392 -1.36074020362638 1 8.05698345697466 2.63201943488874 88 3.47802744084712 25.5536 29942.7749251653
3.19971072577237e-09 500 2.09147842781158 1.86462063602994 1 -254.605875978787 -3.36201887248876 38 2.69006841925666 40.8122 13863.7031388757
1.80930266628119e-11 500 3.23663064129877 3.69799861220601 1 -144.837115615734 3.81273630832572 49 2.12275392780503 14.434 30688.482108288
1.35586798555603e-11 500 6.17510467129063 4.46704602564619 1 9.52085188332689 -1.09371883178329 153 3.62495683705196 21.053 28015.412202774
4.17970666183307e-12 500 2.48972952193139 -2.00474948588122 1 4.8622751050405 1.83886312127897 33 2.36077632895445 17.7058 13639.5516090822
5.55000096644549e-10 500 2.00353161163754 4.78361592472398 1 -25.6872112724354 9.37645234268058 34 2.52552096008093 32.0896 16879.9767514783
1.33953364551863e-11 500 3.97249489121102 -2.29345981062321 1 -69.2380077107282 -4.13194245084106 114 4.14855480058914 37.3476 13405.3008354924
7.56455535067936e-12 500 4.67139276881853 2.46606951755622 1 -24.2032879583395 3.37073563138818 141 4.07707844234429 10.214 18351.566363088
2.46141293927447e-09 500 2.33823797588481 1.48927216769171 1 -282.654112281886 -2.33206156746338 42 2.31152156047378 34.4644 10026.148850612
4.73733435938489e-12 500 2.27588028263937 -1.12435739530945 1 -110.30754261176 1.12251419057956 40 3.0318238022468 34.5454 23455.0928130293
7.90724889647018e-12 500 3.54077392405741 3.08712588782379 1 -33.6564198628072 4.94717747131034 88 3.68595176297604 28.8434 19882.467768817
6.21117364851927e-10 500 5.1101648628321 9.40197782806013 1 -114.855673883649 3.59267241357273 113 3.76697218618497 4.9896 6414.51773560627
5.41110260533656e-12 500 2.87070432730863 1.94822262374438 1 -21.8220545563784 4.91587748895789 46 2.91255960640742 20.7454 10089.4551701813
4.82978222276482e-12 500 4.39273084535504 3.00814737254345 1 2.61858633014627 -0.959783585158484 68 1.60856882135524 9.4808 24653.2883609802
3.8022915865493e-11 500 1.98348514434122 -2.125981520416 1 -172.729832314696 5.29850924649206 33 2.48446692899049 20.9522 29001.2783018773
1.70368858806717e-11 500 1.92721980270448 -3.22404102714152 1 -163.19816166404 1.51058734164588 27 2.45162671933695 40.3602 19319.0085968744
2.0523730956494e-09 500 2.56512503142488 1.7306703302387 1 -267.751171562759 6.3928995486518 41 2.92759385799327 28.2938 13531.6506808393
2.90450064980599e-10 500 1.34108071489773 -7.96035652078226 1 53.1112984501799 2.5363106147137 19 2.02284601043987 31.618 34174.505924544
3.94929390791661e-11 500 1.86886582722773 -1.7629922895735 1 121.942823972799 -0.394279877317102 30 2.51094497879516 34.289 14753.328382998
4.02323317692585e-12 500 1.74507716150683 -3.25258585143869 1 -21.0123752092886 3.03649263119418 27 2.26662643654802 25.1852 32091.3689026364
2.69025977817058e-11 500 1.90674264173498 2.1818263822216 1 -175.230190863054 0.360335371025973 24 2.57925131427615 33.2692 19862.4194050038
8.01604722413147e-12 500 5.50987365660611 2.8220725889991 1 3.59252586791212 -0.182566480643327 156 3.74861099607257 17.2498 32289.130721944
6.27990708633568e-12 500 5.13329286005641 3.90697621883939 1 6.73652811183245 -1.94447895462102 114 2.00912875622286 16.1628 24810.7100027063
3.19176633331289e-10 500 7.33501424914496 7.45384969374593 1 21.769437433021 -1.31601238807455 48 2.57709402843646 23.662 5096.281251456
5.15635796200084e-12 500 2.58968680285985 1.44487325955931 1 -81.9774923952816 5.27709912085462 33 2.49279492866772 12.731 11881.398890802
2.68228741931231e-11 500 4.15245081645666 5.28571996643858 1 -95.4178451643997 3.30882367146863 97 2.66932236553945 18.5054 39219.2950941989
2.54007146293809e-09 500 2.29551973830646 -1.72167343084814 1 -291.050068309068 0.158540288202811 33 2.69202631863414 44.308 16897.296951744
7.61035928492333e-12 500 4.20517208162413 4.14950912233593 1 6.46456640257954 -2.22908839346332 54 0.898619519726569 10.937 15374.395361286
7.05348568120106e-11 500 3.76780545934247 3.41831809663257 1 -179.142399385758 5.20979511063471 78 3.35230166211007 17.295 15338.83408245
4.5370075764197e-12 500 2.26469989034252 -2.71994203752876 1 8.20017291456516 2.27456862051216 35 1.36523623569606 20.7534 20812.1480365906
2.95267287527266e-12 500 2.40329747785837 -0.841052508345722 1 -44.1707870829822 4.01763894812117 37 1.81189896889891 8.6872 16681.9448955817
5.40444083220306e-12 500 2.0531727482141 -0.607972411895717 1 -21.9410900874816 1.14940958048188 24 2.33707511779429 38.3918 26141.7243396933
4.40522752221599e-11 500 4.11965411039921 4.47278694831743 1 11.9712753450773 -4.21679197295828 56 0.821572396498788 16.43 13368.3038724
1.44352245960575e-08 500 1.57033102503454 -4.99750724472224 1 -258.134497657275 -1.64392579738083 21 1.69811610462174 24.435 32393.34523245
2.21205048044006e-11 500 5.60005762458377 5.80344541353429 1 30.6322099373464 -3.63372006739572 133 1.99733985710114 35.7006 10574.4324555964
5.83668887377968e-11 500 5.83235300407884 7.93756828788578 1 17.0202037552711 -3.39542428240048 60 0.955579188535909 20.7704 11303.8459914593
4.09488654112002e-12 500 2.94955659502974 -1.91792357173691 1 5.45262688949298 1.48635052710372 43 1.81402999335111 13.8958 34056.9113583438
8.44474402417336e-10 500 2.0676455754243 -7.9548322123151 1 127.372160146199 4.84259265252185 32 2.35639822976972 38.092 18374.401932096
1.09161860043527e-11 500 2.5533116628275 0.553678328299986 1 40.2221659070196 5.52453786685853 48 2.95940666842435 32.0562 15015.5145174047
1.44606555725294e-11 500 2.74610146854563 -1.67033906420045 1 -153.440064540413 3.15951437249995 49 3.08600947813711 43.2384 18207.0958501102
1.31527421074947e-10 500 2.94654806994234 5.18406662070307 1 -156.876341329465 5.65416307540441 55 3.07226716487243 23.6766 17487.1853993222
2.15654609429617e-10 500 3.12872600114203 -6.81856233906587 1 -46.253222495764 -2.54674877234773 78 3.68288968573701 44.0282 10604.3469565995
5.13278305597067e-12 500 3.78258838577247 0.536511717300021 1 8.35767753606077 -0.666097100763795 47 1.4783107410057 12.7172 16160.3981101609
2.84720623351402e-11 500 5.34381230390034 5.30117803643308 1 9.47351547295828 -3.96208448120684 125 1.82198034191643 19.5062 25165.1664208247
4.80746500465805e-12 500 3.58493519318227 3.06056464719196 1 -120.740092654688 1.65476255930754 100 4.02538773811532 42.3448 12778.6784685988
8.75231794752967e-11 500 1.69561184449438 4.96563345004676 1 -69.9718899591478 7.44255019454932 25 2.42647960703986 34.8808 24613.6756218762
2.32081487154378e-11 500 3.70019520003908 5.00076241269694 1 -170.118220937861 3.07040371388765 87 3.92067661546391 42.404 13411.126727328
4.91358107722836e-11 500 3.62533695786892 0.391603982319802 1 -175.503285171146 5.01332057881026 97 4.02877392460693 25.3034 17666.8333016266
2.10358924617124e-11 500 3.32261056588762 -8.09140686304051 1 -270.705434683978 -6.39742439215103 75 3.77231560876587 40.1404 12236.6679957185
3.81592306422257e-12 500 1.26440657655284 -4.25094290587508 1 -472.294783900082 2.09842493103102 20 1.9303260464918 28.8068 36050.6723090769
2.25896010652259e-12 500 2.35771345956502 -6.35303433081783 1 -364.994909943502 -2.44678828370172 38 2.64114330050289 37.441 12648.890477262
3.96656405296981e-12 500 2.61325303277094 -6.86919706865676 1 -342.617486182648 -3.78278774534812 51 3.11797991909683 37.351 16948.143469242
3.96414719290858e-11 500 3.71419333241232 -8.94105662172008 1 -239.150541025336 -8.37234209301288 112 4.22450707816509 38.6978 15575.4804983267
1.07610731225293e-11 500 0.918592296468594 -3.65985634228603 1 -505.464191367239 3.46335719612326 17 1.82031253946736 29.6262 27983.5721024375
3.34788476547139e-12 500 2.64325421499416 -6.78340591416367 1 -344.431453191566 -3.17222174602394 49 2.97843944758555 38.5934 19605.667724701
4.25106579222249e-12 500 2.72883964981534 -7.06657290065604 1 -336.290228954318 -3.61506899617912 48 3.03054469365113 32.5566 28310.479001543
2.65780568854073e-12 500 1.40138179779463 -4.53769980747083 1 -461.424745927802 1.25390635764128 23 2.37968386596364 26.593 14416.389722934
6.78644133745242e-11 500 4.01833897370714 -9.37062640548055 1 -219.361724320062 -9.60466816085865 107 3.99620620397574 43.717 14458.923355086
2.5087655263132e-12 500 2.44228008333574 -6.51853056697757 1 -359.426909935913 -2.67463569611146 38 2.91396112303661 39.482 22836.376496736
1.16733963001546e-11 500 3.10439005385089 -7.812791228484 1 -293.315265503801 -4.99899223272989 66 3.01773446281489 39.873 5886.896526294
3.18529093087348e-12 500 1.41686483515993 -4.50942185636148 1 -458.487396628284 2.01451817240428 25 1.91651531833837 40.7632 21379.7945128719
9.49780065907157e-12 500 0.979846831418815 -3.72925688268403 1 -499.308230339509 3.41395466071724 18 1.89093787211797 36.0762 25141.7511216575
5.4502829289555e-12 500 2.7190533225798 -7.07612439449331 1 -342.949346264506 -4.51181026017999 62 3.24228374347313 36.721 14803.148435262
2.16295762522907e-11 500 3.32662026255883 -8.21937872057322 1 -274.263596722582 -6.55072030873159 76 3.72474927007756 41.3244 9149.79607063758
1.10790061804717e-11 500 3.05400364291198 -7.59448916180556 1 -306.153651967695 -5.32683147291564 77 3.69672755705362 45.833 15246.891610854
2.86236676535028e-11 500 3.54634716317751 -8.65010147320308 1 -253.598147993181 -7.12270615988653 90 3.77216316080976 44.5138 12668.8325324521
4.86008027864396e-11 500 3.87431679927441 -9.14973191710951 1 -221.099779294674 -8.65974839699724 89 3.84484073075308 40.6378 10222.3579145603
3.51146200115322e-12 500 2.60371693647547 -6.81188092302123 1 -341.824569276027 -3.3709016670043 50 3.01700977013483 35.9678 10452.9640689275
1.96530379287875e-11 500 3.2609607677916 -7.95317979692777 1 -279.918860878402 -6.4288915721978 73 3.48528685363258 40.642 10425.363243216
1.03823272924099e-11 500 3.00884745446142 -7.62477402133446 1 -306.626979236026 -5.1840690663771 69 3.62020560991563 39.1138 9818.72600898015
1.85493691595871e-12 500 2.16639743277684 -5.86120116943037 1 -388.528206338804 -2.00621576111755 29 2.57897020308847 37.6472 14895.8319166441
2.88116479944988e-12 500 1.39283859880403 -4.5341146187407 1 -452.719828062174 1.72460912351523 23 2.10750174953064 28.869 21929.235573438
1.78277690822327e-12 500 1.68815433799465 -5.24898799788964 1 -429.230638558482 0.154063951144765 24 2.34890143183693 33.3804 15815.0644667969
3.15142816903892e-12 500 2.52085109495956 -6.64245218781284 1 -361.670417305659 -3.48384127573941 43 2.8577367498104 35.0872 10968.7558047337
1.72493966550716e-12 500 1.75096289933701 -5.24051250234646 1 -431.791115156257 -0.334706767641376 29 2.13346618828591 31.0942 31838.3084516298
1.65304904645191e-12 500 1.99972408663416 -5.76007736974615 1 -403.887502416048 -0.570628558279191 32 2.45300814951718 34.43 15947.2871424
4.68070802567775e-11 500 2.72244771035585 2.39449086820301 1 -289.825781599932 5.18274705159355 38 1.58334067106582 6.2476 13406.0581621164
2.76484934885209e-06 500 2.97886056273601 7.24125693375095 1 -462.833336189034 -5.82809975654242 72 3.56883709307531 34.836 10767.215857152
1.00281467268943e-11 500 1.96086444351481 -2.58892932938689 1 -511.592945919653 0.404163846230404 29 2.22931423659145 39.6092 16638.8982227574
5.61447536878164e-05 500 2.12644616010421 3.04474075057257 1 -990.728688268455 -3.1288189065288 37 2.69672862609205 37.757 11403.282307086
7.7306741580783e-10 500 1.56016144561727 -8.803089174625 1 -887.45867248567 -1.48437323757309 24 2.35536592814401 34.1398 18587.7910048216
1.70175861561094e-11 500 1.9693557682287 -0.977418543745516 1 -310.492106742043 5.02347243650019 29 1.80849539655159 17.914 35411.726921328
8.77895486923329e-11 500 3.23448412197358 1.29847758423189 1 -336.486858925439 5.8391339558974 64 3.30335485481244 24.8202 26643.1869434648
1.55277981994787e-07 500 1.49294055255886 -6.64011379316894 1 -1087.65910073757 -3.75357963885342 23 2.30700848841377 32.1076 18199.630416366
8.6032559608698e-12 500 2.3616991549861 -1.02118579234738 1 -271.719785658554 2.28791134535907 48 3.17638372972763 33.4636 16189.4363731749
1.01026581780815e-07 500 1.81777754966287 -8.77818681163137 1 -953.061958332131 -12.6949380126548 24 2.17200045322141 24.595 19738.49203965
7.13757383279874e-12 500 2.21858878253007 -4.38675466953068 1 -517.663544847167 -1.09938866701541 40 2.585623161655 37.1028 26295.4159154519
4.59141627864077e-12 500 1.88865419818174 -4.5487920006082 1 -420.286973954449 0.72414527818306 34 2.97389072147645 37.6654 17955.9202650005
3.07891852228756e-10 500 2.18943108776639 -6.4831384624267 1 -799.950656749145 -1.59185224384761 44 2.97873273569324 38.2482 14329.2421500363
9.20891960987639e-11 500 2.04020549933297 2.8771938383351 1 -388.30590342904 4.47270992798488 26 2.4207877773489 40.9446 20433.2434487251
5.59360670126643e-10 500 1.82001436976083 0.821701848425977 1 -613.779473984194 5.41677405481253 22 1.79177640863454 15.5866 22216.3224573758
8.53748508602783e-11 500 1.65058382202575 -2.36314742988023 1 -611.339013480419 -4.13868899458464 30 2.65049388906245 30.3476 16064.6457571404
0.188116651624327 500 1.80296560315421 1.7686024406195 1 -1191.90512836987 -7.68707670008796 22 1.97629019762375 27.4168 20897.0846016753
3.55463748588184e-07 500 2.31476399413049 -3.65230287439769 1 278.721851464795 7.22247512447229 47 3.10791120581883 45.298 13969.016598864
6.02344674353028e-05 500 1.70982641158059 -9.27719055118429 1 395.169388290844 9.11559840591651 29 2.37564513040946 33.1848 15537.6099689764
6.08192037553903e-10 500 2.59261143843775 -3.4507228038356 1 -199.668995915427 8.84096308160563 50 3.14792324962332 38.0924 20536.8967110421
3.90428416212172e-11 500 1.76499472908084 -5.56902884514445 1 -705.624605880911 -3.66473509861208 31 2.66299562547458 37.2612 29857.9458298019
9.8291657083058e-11 500 1.44837365306176 -4.39808593516395 1 -157.849273554 6.26290780227681 15 1.88578330185895 17.665 25235.71510815
0.00679659511262109 500 2.28870989630977 7.02005587447888 1 -677.501750330429 -9.12249202190832 32 2.77371350521095 35.064 12329.373938688
8.20837356551009e-08 500 2.28327731270316 0.834207066983822 1 -847.122754702222 -4.10022479866554 36 2.72785683570191 41.5372 14583.0091294057
1.40474891778969e-11 500 1.58036689863948 -10.5664114950756 1 -477.511907103834 -5.56123039161463 26 2.57917889504524 24.7034 16894.7448764986
1.2802864540282e-07 500 1.61281681870205 -5.17799153824097 1 -931.086948532475 -10.6588349938902 26 2.47437077428016 27.3682 17005.6615628811
0.80496615954232 500 2.33148314818813 -0.635817541437847 1 -1266.45488755218 -9.4979955033782 38 2.8234293803055 38.6684 13847.661149227
1.49713723517712e-11 500 1.96232834635835 -10.3660406398313 1 -363.226811750693 -3.68665283251881 26 2.52290213576777 38.3338 24365.639047601
1.00608956974428e-11 500 3.29061186220638 -2.76802132390173 1 -294.298318098681 -2.66998130484312 80 3.82459166079693 42.4504 11536.9565755361
3.29937593849205e-11 500 1.97352429487443 -9.58390110498941 1 -243.441770150823 -0.0505304955545319 26 2.32196491630899 29.3456 20079.4663245496
2.98145010380289e-11 500 2.65534829564481 -0.570121303298908 1 -515.119400063429 0.0476941762552184 44 3.16098507946048 37.5126 16972.1831829407
3.81982232723392e-08 500 2.58703872567526 -4.18439098368304 1 -882.929573094974 -8.93699850430076 51 3.00412977575889 35.1172 18108.3961048489
3.47459439210172e-11 500 2.10695766214126 -3.38179089100707 1 -414.059638293364 5.58672335428536 34 2.68231592224016 43.2808 20527.1363245962
4.49390931596699e-11 500 2.00585136094224 -1.60126755466243 1 -603.341550550279 1.47946905465026 28 2.53613457806653 35.8878 14429.4762892523
3.08754077371783e-11 500 1.52303921878709 -7.82309542502676 1 -194.72329151534 -0.490616492307317 24 2.31302589312398 37.9766 24814.1493733142
8.6825266965324e-11 500 2.77305311885396 -2.6187392855183 1 6.44842348707255 2.19019581765615 51 2.80648942840175 19.757 21292.479177846
4.1571796001943e-08 500 1.9767490150052 -1.11784795089718 1 -849.837626019818 -6.60255453996584 29 2.49081142854638 27.7848 27587.2755098404
1.15881084698783e-11 500 2.35889287785881 -7.5941187479685 1 -524.259773224537 -5.40577518875609 45 2.98150763970214 37.7646 17314.7920634323
4.45432395874681e-10 500 3.07157650543638 5.84853049512799 1 -45.8646938319673 4.40207046652937 40 1.97378471566657 6.658 15190.192003584
8.9289840743598e-10 500 1.84047827319945 -3.2971382521667 1 -602.158629325496 -8.46318631744135 30 2.26633053760234 41.613 16240.783113774
5.77187498998532e-11 500 2.24467664144068 4.39522198303545 1 -1465.95867785396 -12.5697882606358 41 2.95985506304256 40.4962 21263.9844107423
3.72648426881801e-11 500 2.14750649897719 4.25770443960312 1 -1376.98291628544 -11.2677671282541 36 2.83441348400695 33.508 9978.06922742399
2.39490802071221e-11 500 2.80527272840099 -3.6720001282565 1 -1100.51695802138 -9.43807474733662 55 3.2406725906986 42.477 12916.590030126
6.53244061102112e-11 500 1.61609389842624 -1.17054239365167 1 -889.194263774618 -3.96960869665712 26 2.47184184711152 37.2518 19550.4436980837
1.16092971467585e-11 500 2.43495222548073 -1.37018288583025 1 -1240.20482583686 -9.42777672089362 44 2.97849122964558 37.4162 17340.6029463311
1.92354885279312e-11 500 1.70882591431186 2.51478977371103 1 -1213.41395853171 -7.82198512954652 21 2.43006510646504 25.0844 23889.1696063112
3.84017373603159e-11 500 2.47259461300896 1.16175183461669 1 -1600.22674475965 -12.9149147867499 39 2.76304965160284 32.2882 25393.4542457019
1.27738664602731e-11 500 2.25425088582573 -0.729661166204795 1 -1389.64945926304 -9.90144411554047 37 2.71584203336088 41.5888 14583.3325473661
6.89577312915367e-10 500 2.88232457894056 -2.78966913782018 1 -1845.14229687267 -14.3839907114851 54 3.33155183138937 38.2918 21812.1399094533
4.22495149570847e-11 500 2.4590957758667 -0.230275390143257 1 -1634.29593081809 -12.2837674767751 42 2.67951147505606 31.3396 18701.0375718463
2.68244078608387e-11 500 2.77008818200249 -4.29250476272771 1 -1206.04619810656 -9.70259307948229 49 3.23706285646288 38.3268 11415.1104338577
3.94454639677272e-11 500 2.66164858669921 -3.90901116048312 1 -1449.56108784736 -10.4660834900211 49 3.25005489857144 36.5394 14463.655898354
3.03869902660397e-10 500 3.20620518498994 -4.87238454305868 1 -1622.2792034794 -13.5652920915162 71 3.56557647027354 40.418 11142.277495824
1.91199431236884e-11 500 1.85208872172201 0.792624051782885 1 -1502.15087005472 -9.36728638363569 28 2.45218953158213 34.2418 21075.8462349453
1.53282839125839e-11 500 2.16049582416188 -1.69734030890141 1 -1095.78936768144 -7.48119998660209 35 2.09487302104715 24.8738 17438.5091118505
3.54629355850806e-11 500 2.48920679849949 -4.49244663666803 1 -1359.0971913057 -9.06932644194645 44 2.85610065220692 27.9766 15148.9855172582
1.983121397239e-11 500 1.97317135129137 2.89159894265047 1 -1203.78825116356 -8.98738840960351 25 1.78931599646149 20.0606 33624.001653598
1.93301767776645e-11 500 2.50209911224797 0.41594002044305 1 -1482.08585722983 -11.8998595504876 50 3.11463838381965 33.811 10898.951602962
2.03248348759446e-11 500 3.09675603436424 -2.35328985312933 1 -1186.2378083302 -11.8065764118323 69 3.57942288647512 39.9942 12568.3678422858
1.29436271165058e-11 500 2.08791917062517 -1.63004815872978 1 -1312.61326984015 -8.30880977524315 43 2.87359600628002 31.552 11939.703746976
1.96355654707404e-11 500 2.66828157987673 0.0332270663608317 1 -1459.12671356815 -12.396487843572 50 3.15060092675407 36.8512 17438.8561976195
2.53016818075795e-11 500 2.71098006529587 -2.84472714926965 1 -1440.68609374336 -11.3857584110741 56 3.35889131917193 41.9304 12192.1420495649
2.14919671998487e-11 500 2.48941032469801 -3.7890686134312 1 -1238.9735638721 -8.68629993864617 40 2.70036724030127 38.9928 27838.5751317335
1.46984463277355e-11 500 2.6711239214573 0.338626017260844 1 -1348.2997840817 -11.8901820289542 45 3.27810604389976 33.9518 10220.0389061157
1.39895583023424e-11 500 1.93503203974241 0.38163813935683 1 -1408.70027577139 -8.81298294968425 35 2.72019236462447 34.6494 11234.0622285596
2.57790848476636e-09 500 2.55762492922166 -9.49417055332292 1 -311.400748934582 -1.35505923689835 50 2.91756124164943 32.1798 10978.1859831112
6.81768546253376e-11 500 2.26955690880585 -4.74457066527494 1 -952.080692886991 -5.74648212407155 39 2.70022804853308 40.7352 17532.8253938204
4.58352307507964e-11 500 1.9066920871883 3.07358668964161 1 -977.718061815256 -7.5649100238394 36 2.40657043634401 37.0214 18669.6245833167
5.59345312158785e-11 500 2.0830257506017 -5.12943009436148 1 -1177.18505395752 -5.83481509922973 36 2.91669428601257 41.1668 21797.5052291793
1.81551151821656e-11 500 2.47174082569612 -1.86601011101565 1 -1439.83820180516 -10.529420204744 44 3.18926804219636 40.4364 13524.1836623451
1.17528500600784e-10 500 2.67198418614814 -2.69509742299362 1 -1697.40254225683 -12.7429339272512 60 3.35818574936091 41.0074 17677.8487464145
1.89069600817167e-11 500 1.67314831919151 1.49314986942942 1 -1132.68197206528 -6.42326232954593 30 2.23516013328643 24.4336 26065.7142523461
6.60996263387755e-11 500 2.91674877297212 -1.03474405350863 1 -1625.55039298785 -14.0779822275358 48 3.11922322338088 33.1328 23042.6240961431
6.27360934949427e-11 500 1.52882439294137 5.43423923648573 1 -1315.82187230127 -8.63516132964031 31 2.53116291098059 32.5432 16282.0790446671
1.35454391561424e-11 500 2.36177528223465 1.46938962966838 1 -1293.8359791918 -10.5920857613395 47 3.09405134005323 29.5318 12169.5561615669
1.94436100620988e-11 500 2.57154103469621 -0.488386512868322 1 -1003.01368756467 -9.21157029037024 54 3.27941942677552 40.6882 12917.3705682219
1.80515834361066e-11 500 2.70048939116031 1.05605397765528 1 -1371.3587408683 -12.5042139031678 48 3.03288071492242 33.2218 8161.26633821246
5.07428796335887e-07 500 3.42063075767931 -5.70543594100295 1 -2126.93597294131 -17.1221809234961 78 3.59018024451239 43.4434 10981.764182233
7.45255358737344e-11 500 2.71432401492785 -2.4336804544407 1 -1642.06037369107 -12.5626787617171 37 2.76271070523266 38.518 12114.469997904
4.55581838385305e-11 500 1.9243560233867 -0.156647073407391 1 -878.605334620149 -5.65279471253567 29 2.66409022304267 36.8052 17775.2079310652
1.17494307630434e-11 500 2.34080538165243 -0.245818341871273 1 -1161.34831627458 -9.10807017360242 46 3.00312194231132 40.6998 11699.165178844
2.45425091679354e-11 500 1.45483216682483 0.917336981117467 1 -1110.45619030732 -5.17393786416262 25 2.41513249531596 31.697 31022.874719886
7.48003228589026e-11 500 3.0241984467078 -5.85063636312168 1 -1074.5018508214 -9.24972473297457 67 3.36173572020872 43.2368 9755.31475560806
1.25591364511228e-11 500 2.53050589943868 -0.36787451690011 1 -1338.89580704522 -11.0685790479778 57 3.42300385913139 37.6756 19165.1394029464
2.912938944958e-11 500 2.38386254138785 -4.26117189338129 1 -1125.84856389441 -7.37051423198825 45 2.96786344564849 36.0172 14047.6524192169
1.58160197703473e-11 500 2.27260685227789 1.36969219586434 1 -1106.69394928448 -9.07408888416036 38 2.68261915744184 34.4854 22088.9174432117
1.28240039902262e-11 500 1.89132757298912 0.736883776409012 1 -1212.74213618125 -7.7325545612564 31 2.05897071435923 36.94 18749.308356
2.02294875841564e-10 500 2.02783578643997 2.0495316173509 1 -717.751041524032 -6.01066836823572 42 3.07791568274539 35.4752 17461.178984726
5.00114092729329e-11 500 1.97552646690119 1.16265302868865 1 -1675.16306141641 -10.8854454586213 41 2.69367096735939 30.1692 8801.50837050777
3.16571510288306e-11 500 1.71312954838516 3.36057539172321 1 -1103.51466394309 -7.44468577190553 23 2.00549228631932 36.4442 21202.3990204338
1.44104624943163e-11 500 2.15952877286452 0.949284756831465 1 -1419.47800864245 -10.1560907018136 33 2.70432153612338 35.0736 11567.0047264005
2.6384887191499e-11 500 1.81227042998298 0.373168598175563 1 -1383.39479283156 -8.38997806350736 23 2.51726215597591 27.0994 15948.6903932276
2.25155615812548e-11 500 2.09318002101101 0.131603348815192 1 -1261.36638590653 -8.74902384077432 33 2.60624440652442 35.2532 19946.3291197455
3.34964101066947e-11 500 1.63714450632487 2.00261978338304 1 -1245.61681331562 -7.32339891162581 21 2.46257469548767 36.0748 36561.90662905
7.50678922776393e-11 500 2.95819185790779 -4.33211076851544 1 -1445.11390818635 -11.97222993826 60 3.29538611665765 39.8322 10183.7355542725
3.58680453750916e-11 500 1.48955857984234 1.64941584955254 1 -1321.65159099427 -7.09395130844222 20 2.01174942301521 29.6288 24019.7569641277
5.48184632359754e-11 500 2.12218780886388 -2.73499251349892 1 -1540.10692246846 -9.10234660511039 36 2.74917419128451 38.3572 12168.8028239785
2.42632889435072e-11 500 2.25237156087504 0.676486826647371 1 -1148.88383488284 -8.84955926709101 39 2.99232399100738 38.5946 11563.7178098251
2.42419347324793e-11 500 2.40364299841714 -1.15943051343897 1 -1365.21407271045 -10.1645154135144 47 2.81063044431314 34.5936 11148.3190314117
1.12501526828514e-10 500 3.07843032448709 -5.07658032092653 1 -1416.99324617396 -11.7710249325355 70 3.55312928953289 38.9812 12579.6662381027
3.44412583091222e-11 500 2.36833864350916 -2.08819314665006 1 -1509.08075519446 -10.5359239363249 47 2.88236960685255 37.0718 21161.7175031925
2.50471685143438e-11 500 2.61541362817608 -0.352711886826801 1 -1228.62034327765 -10.7335976811675 47 2.8650404177938 37.6758 8831.45390193902
3.34229297130042e-11 500 2.85420359296891 -0.0965058778168918 1 -1208.3581842488 -11.9220444873209 55 3.18912775155478 43.9334 16158.6442583314
2.43828299581091e-11 500 2.58179332793971 -0.338391658179513 1 -1174.46040208932 -10.0563124161734 50 2.67413322092398 37.7878 12643.4434481483
5.28193119322646e-11 500 2.3285104897701 -3.43661499740344 1 -1485.32717672237 -9.65472750525531 40 2.97297561807221 32.6814 19112.0264929263
8.90676191441222e-11 500 2.28066537548636 -4.08229721910213 1 -1577.28240105414 -9.80880077762203 32 2.62409815787836 43.6916 19480.7718340946
3.57423126044479e-11 500 2.36860965474163 -2.65100047187345 1 -1421.58598906739 -9.67858053894791 47 3.14831494854314 39.1866 10187.0352711518
2.85334335713483e-11 500 2.25108750693809 -1.82879454280234 1 -1390.88752459934 -9.29419960735185 41 2.32207276591438 29.19 14826.9065172
2.6349486651383e-11 500 2.42959567624261 -1.65340054566829 1 -1360.40851762537 -9.86420486895927 45 3.06319654271932 32.9486 14321.8901718585
2.36875498051176e-11 500 2.50438557143587 -0.839850909845036 1 -1147.39364929517 -9.4787778720974 41 3.12650084733423 32.665 18790.38582915
4.82722737187976e-11 500 2.36342034660209 2.33312562351519 1 -1035.73676910457 -9.63427364341439 42 2.66712432430425 34.0436 8275.88105552372
2.77794724504898e-11 500 2.75003451879599 -1.50224866618043 1 -1306.31978850634 -11.2909222521115 53 3.12163172844845 42.6584 9816.00786747341
5.64773922447509e-11 500 2.8792878917638 -4.03804175115153 1 -1368.66346281221 -11.1893366400806 62 3.52225195830924 37.3544 18516.6874674824
2.49861646840226e-11 500 1.91657404427226 0.948308983125682 1 -1291.36034424214 -8.28620843153865 39 2.92057281788934 36.1862 17588.1259462199
2.29240990608744e-11 500 2.49049398503887 -0.54987384100052 1 -1246.00179792919 -10.0571401711994 54 3.08719453649534 40.1334 9672.24686765141
3.34584428107912e-11 500 2.40071854756743 -2.43531773587049 1 -1448.84120760129 -10.2810303559265 47 3.01570263239048 43.747 11967.109609626
2.29334231500948e-11 500 2.40953526146643 -0.866047002594045 1 -1316.66921881785 -10.2175558103902 49 3.14504522914004 35.0176 10940.9437809515
6.32348593913959e-11 500 1.33208792593856 3.60995118210568 1 -1219.6234070376 -6.39907548655626 22 2.22254125851208 34.8146 16456.2563800363
3.43796527766402e-11 500 2.60580455288715 -2.73364236825141 1 -1372.50025827296 -10.3389344359009 50 3.0727479996464 33.7608 11728.7891330634
4.47740581404196e-11 500 2.56599228453558 -3.13985939902178 1 -1477.87566962818 -10.7737241062402 50 3.1170576936327 37.2892 19183.0065708726
5.56783026071499e-11 500 2.28828952886717 -3.47431671028119 1 -1488.90920762809 -9.44670381394727 40 2.49347508627445 48.1794 16487.7947165444
1.25054662598359e-10 500 2.08157188037403 -3.9331238321678 1 -1585.95655192948 -8.52325656264998 28 2.31276735471272 34.665 24136.83206835
6.72634828696966e-11 500 2.91265551200975 -4.12757581510288 1 -1433.36657693152 -11.6024405495624 63 3.51744355711118 36.3728 21528.5473658327
4.26766431534856e-11 500 1.45903671639194 2.50042885422964 1 -1239.17214337155 -6.66908935427962 22 2.12739171803138 35.1994 21850.8561886196
2.38199905583773e-11 500 2.55041140956258 -1.23909562838231 1 -1221.28729050163 -9.8379507858327 46 3.08525629730122 35.3994 18864.5300824436
2.88004141057046e-11 500 2.58334259963165 -2.33182403715823 1 -1303.67987143675 -10.0394673574205 46 2.81370231547047 49.381 17981.526666702
6.02921663149926e-11 500 1.49952899320247 3.48491282259554 1 -1103.02854421919 -6.40179411203399 27 2.26651389771745 28.5002 16533.75201026
2.28018130852847e-11 500 2.18762095190059 -0.448832127734685 1 -1359.40404587925 -9.57226461609605 30 2.45925569492887 31.7198 14869.2845549368
2.40498184154981e-11 500 2.45550127881259 -1.49104594176751 1 -1291.31451157775 -10.0314664033729 41 2.67744803172774 34.4608 13693.5382196874
5.28808134072986e-11 500 1.50793947202731 3.36063769595022 1 -1177.31473006676 -6.97919279349634 20 2.0663403964767 22.7462 18291.9020786663
4.16400538815946e-11 500 2.55281193731616 -3.36805800949312 1 -1390.39809845779 -10.1117485991553 43 2.63649898897738 43.8806 14664.2023654252
3.40481936676486e-11 500 2.68090241430851 -2.72438358458915 1 -1360.37959253324 -10.7332665325453 58 3.40785390812368 40.8418 14742.1063327053
